# index x y
0 -0.5 -0.3125
1 -0.5 -0.3125
2 -0.5 -0.3125
3 -0.469701 -0.334117
4 -0.469701 -0.334117
5 -0.469701 -0.334117
6 -0.472937 -0.296875
7 -0.472937 -0.296875
8 -0.472937 -0.296875
9 -0.441967 -0.282811
10 -0.441967 -0.282811
11 -0.441967 -0.282811
12 -0.448895 -0.312527
13 -0.448895 -0.312527
14 -0.448895 -0.312527
15 -0.472127 -0.448984
16 -0.472127 -0.448984
17 -0.472127 -0.448984
18 -0.437949 -0.44669
19 -0.437949 -0.44669
20 -0.437949 -0.44669
21 -0.453976 -0.419715
22 -0.453976 -0.419715
23 -0.453976 -0.419715
24 -0.5 -0.34375
25 -0.5 -0.34375
26 -0.5 -0.34375
27 -0.479956 -0.42107
28 -0.479956 -0.42107
29 -0.479956 -0.42107
30 -0.472259 -0.391293
31 -0.472259 -0.391293
32 -0.472259 -0.391293
33 -0.4375 -0.391747
34 -0.4375 -0.391747
35 -0.4375 -0.391747
36 -0.45259 -0.364115
37 -0.45259 -0.364115
38 -0.45259 -0.364115
39 -0.421875 -0.41881
40 -0.421875 -0.41881
41 -0.421875 -0.41881
42 -0.421875 -0.472937
43 -0.421875 -0.472937
44 -0.421875 -0.472937
45 -0.406324 -0.44601
46 -0.406324 -0.44601
47 -0.406324 -0.44601
48 -0.451593 -0.473821
49 -0.451593 -0.473821
50 -0.451593 -0.473821
51 0.046875 -0.310557
52 0.046875 -0.310557
53 0.046875 -0.310557
54 0.0625 -0.283494
55 0.0625 -0.283494
56 0.0625 -0.283494
57 0.03125 -0.283494
58 0.03125 -0.283494
59 0.03125 -0.283494
60 0.046875 -0.25643
61 0.046875 -0.25643
62 0.046875 -0.25643
63 0.0625 -0.229367
64 0.0625 -0.229367
65 0.0625 -0.229367
66 -0.0625 -0.391747
67 -0.0625 -0.391747
68 -0.0625 -0.391747
69 0.078125 -0.202304
70 0.078125 -0.202304
71 0.078125 -0.202304
72 -0.109375 -0.364684
73 -0.109375 -0.364684
74 -0.109375 -0.364684
75 -0.09375 -0.33762
76 -0.09375 -0.33762
77 -0.09375 -0.33762
78 -0.125 -0.33762
79 -0.125 -0.33762
80 -0.125 -0.33762
81 -0.374996 -0.391749
82 -0.374996 -0.391749
83 -0.374996 -0.391749
84 -0.343749 -0.391747
85 -0.343749 -0.391747
86 -0.343749 -0.391747
87 -0.359375 -0.364684
88 -0.359375 -0.364684
89 -0.359375 -0.364684
90 -0.359375 -0.41881
91 -0.359375 -0.41881
92 -0.359375 -0.41881
93 -0.046875 -0.364684
94 -0.046875 -0.364684
95 -0.046875 -0.364684
96 -0.078125 -0.364684
97 -0.078125 -0.364684
98 -0.078125 -0.364684
99 -0.140625 -0.41881
100 -0.140625 -0.41881
101 -0.140625 -0.41881
102 -0.15625 -0.445873
103 -0.15625 -0.445873
104 -0.15625 -0.445873
105 -0.125 -0.445873
106 -0.125 -0.445873
107 -0.125 -0.445873
108 -0.078125 -0.472937
109 -0.078125 -0.472937
110 -0.078125 -0.472937
111 -0.09375 -0.445873
112 -0.09375 -0.445873
113 -0.09375 -0.445873
114 -0.109375 -0.472937
115 -0.109375 -0.472937
116 -0.109375 -0.472937
117 -0.171875 -0.310557
118 -0.171875 -0.310557
119 -0.171875 -0.310557
120 -0.15625 -0.283494
121 -0.15625 -0.283494
122 -0.15625 -0.283494
123 -0.1875 -0.283494
124 -0.1875 -0.283494
125 -0.1875 -0.283494
126 -0.09375 -0.391747
127 -0.09375 -0.391747
128 -0.09375 -0.391747
129 -0.125 -0.5
130 -0.125 -0.5
131 -0.125 -0.5
132 -0.140625 -0.472937
133 -0.140625 -0.472937
134 -0.140625 -0.472937
135 -0.234375 -0.25643
136 -0.234375 -0.25643
137 -0.234375 -0.25643
138 -0.21875 -0.283494
139 -0.21875 -0.283494
140 -0.21875 -0.283494
141 -0.203125 -0.25643
142 -0.203125 -0.25643
143 -0.203125 -0.25643
144 -0.21875 -0.391747
145 -0.21875 -0.391747
146 -0.21875 -0.391747
147 -0.203125 -0.41881
148 -0.203125 -0.41881
149 -0.203125 -0.41881
150 -0.1875 -0.391747
151 -0.1875 -0.391747
152 -0.1875 -0.391747
153 -0.3125 -0.283494
154 -0.3125 -0.283494
155 -0.3125 -0.283494
156 -0.296875 -0.310557
157 -0.296875 -0.310557
158 -0.296875 -0.310557
159 -0.28125 -0.283494
160 -0.28125 -0.283494
161 -0.28125 -0.283494
162 -0.109375 -0.310557
163 -0.109375 -0.310557
164 -0.109375 -0.310557
165 -0.078125 -0.310557
166 -0.078125 -0.310557
167 -0.078125 -0.310557
168 -0.09375 -0.283494
169 -0.09375 -0.283494
170 -0.09375 -0.283494
171 -0.25 -0.391747
172 -0.25 -0.391747
173 -0.25 -0.391747
174 -0.28125 -0.391747
175 -0.28125 -0.391747
176 -0.28125 -0.391747
177 -0.265625 -0.41881
178 -0.265625 -0.41881
179 -0.265625 -0.41881
180 -0.171875 -0.41881
181 -0.171875 -0.41881
182 -0.171875 -0.41881
183 -0.390621 -0.418812
184 -0.390621 -0.418812
185 -0.390621 -0.418812
186 -0.25 -0.229367
187 -0.25 -0.229367
188 -0.25 -0.229367
189 -0.390581 -0.364709
190 -0.390581 -0.364709
191 -0.390581 -0.364709
192 -0.265625 -0.25643
193 -0.265625 -0.25643
194 -0.265625 -0.25643
195 -0.25 -0.283494
196 -0.25 -0.283494
197 -0.25 -0.283494
198 -0.34375 -0.283494
199 -0.34375 -0.283494
200 -0.34375 -0.283494
201 -0.406229 -0.391759
202 -0.406229 -0.391759
203 -0.406229 -0.391759
204 -0.421748 -0.364757
205 -0.421748 -0.364757
206 -0.421748 -0.364757
207 -0.265625 -0.364684
208 -0.265625 -0.364684
209 -0.265625 -0.364684
210 -0.406157 -0.337674
211 -0.406157 -0.337674
212 -0.406157 -0.337674
213 -0.374984 -0.337629
214 -0.374984 -0.337629
215 -0.374984 -0.337629
216 -0.390625 -0.310557
217 -0.390625 -0.310557
218 -0.390625 -0.310557
219 -0.125 -0.391747
220 -0.125 -0.391747
221 -0.125 -0.391747
222 -0.109375 -0.41881
223 -0.109375 -0.41881
224 -0.109375 -0.41881
225 -0.265625 -0.310557
226 -0.265625 -0.310557
227 -0.265625 -0.310557
228 -0.34375 -0.445873
229 -0.34375 -0.445873
230 -0.34375 -0.445873
231 -0.374999 -0.445874
232 -0.374999 -0.445874
233 -0.374999 -0.445874
234 -0.359375 -0.472937
235 -0.359375 -0.472937
236 -0.359375 -0.472937
237 -0.1875 -0.5
238 -0.1875 -0.5
239 -0.1875 -0.5
240 -0.171875 -0.472937
241 -0.171875 -0.472937
242 -0.171875 -0.472937
243 -0.203125 -0.472937
244 -0.203125 -0.472937
245 -0.203125 -0.472937
246 -0.15625 -0.391747
247 -0.15625 -0.391747
248 -0.15625 -0.391747
249 -0.40625 -0.283494
250 -0.40625 -0.283494
251 -0.40625 -0.283494
252 -0.421314 -0.310881
253 -0.421314 -0.310881
254 -0.421314 -0.310881
255 -0.03125 -0.33762
256 -0.03125 -0.33762
257 -0.03125 -0.33762
258 -0.046875 -0.310557
259 -0.046875 -0.310557
260 -0.046875 -0.310557
261 -0.0625 -0.33762
262 -0.0625 -0.33762
263 -0.0625 -0.33762
264 -0.359375 -0.310557
265 -0.359375 -0.310557
266 -0.359375 -0.310557
267 -0.328125 -0.310557
268 -0.328125 -0.310557
269 -0.328125 -0.310557
270 -0.28125 -0.5
271 -0.28125 -0.5
272 -0.28125 -0.5
273 -0.296875 -0.472937
274 -0.296875 -0.472937
275 -0.296875 -0.472937
276 -0.3125 -0.5
277 -0.3125 -0.5
278 -0.3125 -0.5
279 -1.85962e-15 -0.33762
280 -1.85962e-15 -0.33762
281 -1.85962e-15 -0.33762
282 -0.375 -0.5
283 -0.375 -0.5
284 -0.375 -0.5
285 -0.390625 -0.472937
286 -0.390625 -0.472937
287 -0.390625 -0.472937
288 -0.40625 -0.5
289 -0.40625 -0.5
290 -0.40625 -0.5
291 -0.234375 -0.472937
292 -0.234375 -0.472937
293 -0.234375 -0.472937
294 -0.21875 -0.5
295 -0.21875 -0.5
296 -0.21875 -0.5
297 -2.94426e-15 -0.229367
298 -2.94426e-15 -0.229367
299 -2.94426e-15 -0.229367
300 0.03125 -0.229367
301 0.03125 -0.229367
302 0.03125 -0.229367
303 0.015625 -0.202304
304 0.015625 -0.202304
305 0.015625 -0.202304
306 -0.234375 -0.41881
307 -0.234375 -0.41881
308 -0.234375 -0.41881
309 -0.5 -0.46875
310 -0.5 -0.46875
311 -0.5 -0.46875
312 -0.5 -0.4375
313 -0.5 -0.4375
314 -0.5 -0.4375
315 -0.015625 -0.310557
316 -0.015625 -0.310557
317 -0.015625 -0.310557
318 0.03125 -0.17524
319 0.03125 -0.17524
320 0.03125 -0.17524
321 0.046875 -0.148177
322 0.046875 -0.148177
323 0.046875 -0.148177
324 0.015625 -0.148177
325 0.015625 -0.148177
326 0.015625 -0.148177
327 -0.375 -0.283494
328 -0.375 -0.283494
329 -0.375 -0.283494
330 -0.25 -0.33762
331 -0.25 -0.33762
332 -0.25 -0.33762
333 -0.234375 -0.310557
334 -0.234375 -0.310557
335 -0.234375 -0.310557
336 -0.078125 -0.41881
337 -0.078125 -0.41881
338 -0.078125 -0.41881
339 -0.34375 -0.5
340 -0.34375 -0.5
341 -0.34375 -0.5
342 -0.328125 -0.472937
343 -0.328125 -0.472937
344 -0.328125 -0.472937
345 -0.34375 -0.33762
346 -0.34375 -0.33762
347 -0.34375 -0.33762
348 -0.3125 -0.33762
349 -0.3125 -0.33762
350 -0.3125 -0.33762
351 -0.28125 -0.33762
352 -0.28125 -0.33762
353 -0.28125 -0.33762
354 -0.140625 -0.364684
355 -0.140625 -0.364684
356 -0.140625 -0.364684
357 -0.046875 -0.25643
358 -0.046875 -0.25643
359 -0.046875 -0.25643
360 -0.0625 -0.283494
361 -0.0625 -0.283494
362 -0.0625 -0.283494
363 -0.03125 -0.283494
364 -0.03125 -0.283494
365 -0.03125 -0.283494
366 -0.25 -0.5
367 -0.25 -0.5
368 -0.25 -0.5
369 -0.265625 -0.472937
370 -0.265625 -0.472937
371 -0.265625 -0.472937
372 -0.015625 -0.25643
373 -0.015625 -0.25643
374 -0.015625 -0.25643
375 -0.296875 -0.364684
376 -0.296875 -0.364684
377 -0.296875 -0.364684
378 -0.203125 -0.364684
379 -0.203125 -0.364684
380 -0.203125 -0.364684
381 -0.171875 -0.364684
382 -0.171875 -0.364684
383 -0.171875 -0.364684
384 -0.15625 -0.5
385 -0.15625 -0.5
386 -0.15625 -0.5
387 -0.09375 -0.229367
388 -0.09375 -0.229367
389 -0.09375 -0.229367
390 -0.078125 -0.202304
391 -0.078125 -0.202304
392 -0.078125 -0.202304
393 -0.328125 -0.364684
394 -0.328125 -0.364684
395 -0.328125 -0.364684
396 -0.234375 -0.364684
397 -0.234375 -0.364684
398 -0.234375 -0.364684
399 -0.140625 -0.310557
400 -0.140625 -0.310557
401 -0.140625 -0.310557
402 0.046875 -0.202304
403 0.046875 -0.202304
404 0.046875 -0.202304
405 -0.203125 -0.310557
406 -0.203125 -0.310557
407 -0.203125 -0.310557
408 0.0625 -0.17524
409 0.0625 -0.17524
410 0.0625 -0.17524
411 -0.109375 -0.25643
412 -0.109375 -0.25643
413 -0.109375 -0.25643
414 -0.125 -0.283494
415 -0.125 -0.283494
416 -0.125 -0.283494
417 -0.5 -0.28125
418 -0.5 -0.28125
419 -0.5 -0.28125
420 0.015625 -0.25643
421 0.015625 -0.25643
422 0.015625 -0.25643
423 -0.015625 -0.202304
424 -0.015625 -0.202304
425 -0.015625 -0.202304
426 -3.48849e-15 -0.17524
427 -3.48849e-15 -0.17524
428 -3.48849e-15 -0.17524
429 -4.04884e-15 -0.121114
430 -4.04884e-15 -0.121114
431 -4.04884e-15 -0.121114
432 -0.15625 -0.33762
433 -0.15625 -0.33762
434 -0.15625 -0.33762
435 -0.078125 -0.25643
436 -0.078125 -0.25643
437 -0.078125 -0.25643
438 -0.21875 -0.229367
439 -0.21875 -0.229367
440 -0.21875 -0.229367
441 -0.3125 -0.391747
442 -0.3125 -0.391747
443 -0.3125 -0.391747
444 -0.0625 -0.445873
445 -0.0625 -0.445873
446 -0.0625 -0.445873
447 -0.03125 -0.229367
448 -0.03125 -0.229367
449 -0.03125 -0.229367
450 -0.046875 -0.148177
451 -0.046875 -0.148177
452 -0.046875 -0.148177
453 -0.03125 -0.121114
454 -0.03125 -0.121114
455 -0.03125 -0.121114
456 -0.015625 -0.148177
457 -0.015625 -0.148177
458 -0.015625 -0.148177
459 -0.0625 -0.229367
460 -0.0625 -0.229367
461 -0.0625 -0.229367
462 -0.171875 -0.25643
463 -0.171875 -0.25643
464 -0.171875 -0.25643
465 -0.140625 -0.25643
466 -0.140625 -0.25643
467 -0.140625 -0.25643
468 -0.21875 -0.33762
469 -0.21875 -0.33762
470 -0.21875 -0.33762
471 -0.015625 -0.0940506
472 -0.015625 -0.0940506
473 -0.015625 -0.0940506
474 -0.09375 -0.5
475 -0.09375 -0.5
476 -0.09375 -0.5
477 -2.48302e-15 -0.283494
478 -2.48302e-15 -0.283494
479 -2.48302e-15 -0.283494
480 -0.046875 -0.202304
481 -0.046875 -0.202304
482 -0.046875 -0.202304
483 -0.5 -0.40625
484 -0.5 -0.40625
485 -0.5 -0.40625
486 -0.5 -0.375
487 -0.5 -0.375
488 -0.5 -0.375
489 0.015625 -0.310557
490 0.015625 -0.310557
491 0.015625 -0.310557
492 -0.43683 -0.338007
493 -0.43683 -0.338007
494 -0.43683 -0.338007
495 -0.015625 -0.364684
496 -0.015625 -0.364684
497 -0.015625 -0.364684
498 -0.4375 -0.5
499 -0.4375 -0.5
500 -0.4375 -0.5
501 -0.03125 -0.17524
502 -0.03125 -0.17524
503 -0.03125 -0.17524
504 -0.0625 -0.17524
505 -0.0625 -0.17524
506 -0.0625 -0.17524
507 -0.1875 -0.33762
508 -0.1875 -0.33762
509 -0.1875 -0.33762
510 -0.3125 -0.445873
511 -0.3125 -0.445873
512 -0.3125 -0.445873
513 -0.328125 -0.41881
514 -0.328125 -0.41881
515 -0.328125 -0.41881
516 -0.296875 -0.41881
517 -0.296875 -0.41881
518 -0.296875 -0.41881
519 -0.25 -0.445873
520 -0.25 -0.445873
521 -0.25 -0.445873
522 -0.21875 -0.445873
523 -0.21875 -0.445873
524 -0.21875 -0.445873
525 -0.1875 -0.445873
526 -0.1875 -0.445873
527 -0.1875 -0.445873
528 -0.28125 -0.445873
529 -0.28125 -0.445873
530 -0.28125 -0.445873
531 -0.46875 -0.5
532 -0.46875 -0.5
533 -0.46875 -0.5
534 -0.5 -0.5
535 -0.5 -0.5
536 -0.5 -0.5
537 -0.477123 -0.477123
538 -0.477123 -0.477123
539 -0.477123 -0.477123
540 -0.47857 -0.361365
541 -0.47857 -0.361365
542 -0.47857 -0.361365
543 -0.470287 -0.0733088
544 -0.470287 -0.0733088
545 -0.470287 -0.0733088
546 -0.437093 -0.0682823
547 -0.437093 -0.0682823
548 -0.437093 -0.0682823
549 -0.453029 -0.0417234
550 -0.453029 -0.0417234
551 -0.453029 -0.0417234
552 -0.478651 -0.046875
553 -0.478651 -0.046875
554 -0.478651 -0.046875
555 -0.472937 -0.109375
556 -0.472937 -0.109375
557 -0.472937 -0.109375
558 -0.472431 -0.139919
559 -0.472431 -0.139919
560 -0.472431 -0.139919
561 -0.441913 -0.122565
562 -0.441913 -0.122565
563 -0.441913 -0.122565
564 -0.472482 -0.265973
565 -0.472482 -0.265973
566 -0.472482 -0.265973
567 -0.5 0.0625
568 -0.5 0.0625
569 -0.5 0.0625
570 -0.469692 0.0432496
571 -0.469692 0.0432496
572 -0.469692 0.0432496
573 -0.4375 -0.229367
574 -0.4375 -0.229367
575 -0.4375 -0.229367
576 -0.452732 -0.202602
577 -0.452732 -0.202602
578 -0.452732 -0.202602
579 -0.470202 -0.231863
580 -0.470202 -0.231863
581 -0.470202 -0.231863
582 -0.44837 -0.150922
583 -0.44837 -0.150922
584 -0.44837 -0.150922
585 -0.436876 -0.175492
586 -0.436876 -0.175492
587 -0.436876 -0.175492
588 -0.470156 -0.17371
589 -0.470156 -0.17371
590 -0.470156 -0.17371
591 -0.448805 -0.253289
592 -0.448805 -0.253289
593 -0.448805 -0.253289
594 -0.437983 -0.013124
595 -0.437983 -0.013124
596 -0.437983 -0.013124
597 -0.452831 0.0141252
598 -0.452831 0.0141252
599 -0.452831 0.0141252
600 -0.471649 -0.0144403
601 -0.471649 -0.0144403
602 -0.471649 -0.0144403
603 -0.5 0.03125
604 -0.5 0.03125
605 -0.5 0.03125
606 -0.479159 -0.203125
607 -0.479159 -0.203125
608 -0.479159 -0.203125
609 -0.449242 -0.0936257
610 -0.449242 -0.0936257
611 -0.449242 -0.0936257
612 -0.479145 0.015625
613 -0.479145 0.015625
614 -0.479145 0.015625
615 -0.234375 -0.0940506
616 -0.234375 -0.0940506
617 -0.234375 -0.0940506
618 -0.21875 -0.0669873
619 -0.21875 -0.0669873
620 -0.21875 -0.0669873
621 -0.25 -0.0669873
622 -0.25 -0.0669873
623 -0.25 -0.0669873
624 -0.203125 -0.039924
625 -0.203125 -0.039924
626 -0.203125 -0.039924
627 -0.234375 -0.039924
628 -0.234375 -0.039924
629 -0.234375 -0.039924
630 -0.28125 -0.121114
631 -0.28125 -0.121114
632 -0.28125 -0.121114
633 -0.25 -0.121114
634 -0.25 -0.121114
635 -0.25 -0.121114
636 -0.265625 -0.0940506
637 -0.265625 -0.0940506
638 -0.265625 -0.0940506
639 -0.359375 -0.148177
640 -0.359375 -0.148177
641 -0.359375 -0.148177
642 -0.374982 -0.121112
643 -0.374982 -0.121112
644 -0.374982 -0.121112
645 -0.39061 -0.148176
646 -0.39061 -0.148176
647 -0.39061 -0.148176
648 -0.343747 -0.121114
649 -0.343747 -0.121114
650 -0.343747 -0.121114
651 -0.359375 -0.0940506
652 -0.359375 -0.0940506
653 -0.359375 -0.0940506
654 -0.1875 -0.0128607
655 -0.1875 -0.0128607
656 -0.1875 -0.0128607
657 -0.21875 -0.0128607
658 -0.21875 -0.0128607
659 -0.21875 -0.0128607
660 -0.203125 0.0142026
661 -0.203125 0.0142026
662 -0.203125 0.0142026
663 -0.171875 0.0142026
664 -0.171875 0.0142026
665 -0.171875 0.0142026
666 -0.1875 0.0412659
667 -0.1875 0.0412659
668 -0.1875 0.0412659
669 -0.328125 -0.0940506
670 -0.328125 -0.0940506
671 -0.328125 -0.0940506
672 -0.296875 -0.0940506
673 -0.296875 -0.0940506
674 -0.296875 -0.0940506
675 -0.3125 -0.0669873
676 -0.3125 -0.0669873
677 -0.3125 -0.0669873
678 -0.34375 -0.17524
679 -0.34375 -0.17524
680 -0.34375 -0.17524
681 -0.374997 -0.17524
682 -0.374997 -0.17524
683 -0.374997 -0.17524
684 -0.359375 -0.202304
685 -0.359375 -0.202304
686 -0.359375 -0.202304
687 -0.3125 -0.121114
688 -0.3125 -0.121114
689 -0.3125 -0.121114
690 -0.28125 -0.0669873
691 -0.28125 -0.0669873
692 -0.28125 -0.0669873
693 -0.406143 -0.175282
694 -0.406143 -0.175282
695 -0.406143 -0.175282
696 -0.390625 -0.202304
697 -0.390625 -0.202304
698 -0.390625 -0.202304
699 -0.406158 -0.121106
700 -0.406158 -0.121106
701 -0.406158 -0.121106
702 -0.109375 -0.039924
703 -0.109375 -0.039924
704 -0.109375 -0.039924
705 -0.09375 -0.0669873
706 -0.09375 -0.0669873
707 -0.09375 -0.0669873
708 -0.078125 -0.039924
709 -0.078125 -0.039924
710 -0.078125 -0.039924
711 -0.328125 -0.202304
712 -0.328125 -0.202304
713 -0.328125 -0.202304
714 -0.296875 -0.202304
715 -0.296875 -0.202304
716 -0.296875 -0.202304
717 -0.3125 -0.17524
718 -0.3125 -0.17524
719 -0.3125 -0.17524
720 -0.34375 -0.0669873
721 -0.34375 -0.0669873
722 -0.34375 -0.0669873
723 -0.328125 0.0142026
724 -0.328125 0.0142026
725 -0.328125 0.0142026
726 -0.34375 -0.229367
727 -0.34375 -0.229367
728 -0.34375 -0.229367
729 -0.3125 -0.229367
730 -0.3125 -0.229367
731 -0.3125 -0.229367
732 -0.296875 -0.25643
733 -0.296875 -0.25643
734 -0.296875 -0.25643
735 -0.328125 -0.25643
736 -0.328125 -0.25643
737 -0.328125 -0.25643
738 -0.234375 -0.202304
739 -0.234375 -0.202304
740 -0.234375 -0.202304
741 -0.265625 -0.202304
742 -0.265625 -0.202304
743 -0.265625 -0.202304
744 -0.15625 -0.121114
745 -0.15625 -0.121114
746 -0.15625 -0.121114
747 -0.125 -0.121114
748 -0.125 -0.121114
749 -0.125 -0.121114
750 -0.140625 -0.0940506
751 -0.140625 -0.0940506
752 -0.140625 -0.0940506
753 -0.390625 -0.0940506
754 -0.390625 -0.0940506
755 -0.390625 -0.0940506
756 -0.0625 -0.0669873
757 -0.0625 -0.0669873
758 -0.0625 -0.0669873
759 -0.421956 0.0141587
760 -0.421956 0.0141587
761 -0.421956 0.0141587
762 -0.421875 -0.25643
763 -0.421875 -0.25643
764 -0.421875 -0.25643
765 -0.390625 -0.25643
766 -0.390625 -0.25643
767 -0.390625 -0.25643
768 -0.40625 -0.229367
769 -0.40625 -0.229367
770 -0.40625 -0.229367
771 -0.28125 -0.17524
772 -0.28125 -0.17524
773 -0.28125 -0.17524
774 -0.375 -0.229367
775 -0.375 -0.229367
776 -0.375 -0.229367
777 -0.09375 -0.17524
778 -0.09375 -0.17524
779 -0.09375 -0.17524
780 -0.125 -0.17524
781 -0.125 -0.17524
782 -0.125 -0.17524
783 -0.109375 -0.202304
784 -0.109375 -0.202304
785 -0.109375 -0.202304
786 -0.375 -0.0669873
787 -0.375 -0.0669873
788 -0.375 -0.0669873
789 -0.28125 -0.229367
790 -0.28125 -0.229367
791 -0.28125 -0.229367
792 -0.171875 -0.202304
793 -0.171875 -0.202304
794 -0.171875 -0.202304
795 -0.140625 -0.202304
796 -0.140625 -0.202304
797 -0.140625 -0.202304
798 -0.15625 -0.17524
799 -0.15625 -0.17524
800 -0.15625 -0.17524
801 -0.421875 -0.202304
802 -0.421875 -0.202304
803 -0.421875 -0.202304
804 -0.21875 0.0412659
805 -0.21875 0.0412659
806 -0.21875 0.0412659
807 -0.125 -0.0669873
808 -0.125 -0.0669873
809 -0.125 -0.0669873
810 -0.328125 -0.148177
811 -0.328125 -0.148177
812 -0.328125 -0.148177
813 -0.1875 -0.0669873
814 -0.1875 -0.0669873
815 -0.1875 -0.0669873
816 -0.203125 -0.0940506
817 -0.203125 -0.0940506
818 -0.203125 -0.0940506
819 -0.171875 -0.148177
820 -0.171875 -0.148177
821 -0.171875 -0.148177
822 -0.140625 -0.148177
823 -0.140625 -0.148177
824 -0.140625 -0.148177
825 -0.421875 -0.039924
826 -0.421875 -0.039924
827 -0.421875 -0.039924
828 -0.265625 0.0142026
829 -0.265625 0.0142026
830 -0.265625 0.0142026
831 -0.25 -0.0128607
832 -0.25 -0.0128607
833 -0.25 -0.0128607
834 -0.234375 0.0142026
835 -0.234375 0.0142026
836 -0.234375 0.0142026
837 -0.296875 -0.148177
838 -0.296875 -0.148177
839 -0.296875 -0.148177
840 -0.34375 -0.0128607
841 -0.34375 -0.0128607
842 -0.34375 -0.0128607
843 -0.15625 -0.0128607
844 -0.15625 -0.0128607
845 -0.15625 -0.0128607
846 -0.171875 -0.039924
847 -0.171875 -0.039924
848 -0.171875 -0.039924
849 -0.40625 -0.0128607
850 -0.40625 -0.0128607
851 -0.40625 -0.0128607
852 -0.5 -0.09375
853 -0.5 -0.09375
854 -0.5 -0.09375
855 -0.234375 -0.148177
856 -0.234375 -0.148177
857 -0.234375 -0.148177
858 -0.265625 -0.148177
859 -0.265625 -0.148177
860 -0.265625 -0.148177
861 -0.25 -0.17524
862 -0.25 -0.17524
863 -0.25 -0.17524
864 -0.109375 -0.0940506
865 -0.109375 -0.0940506
866 -0.109375 -0.0940506
867 -0.436747 0.0408316
868 -0.436747 0.0408316
869 -0.436747 0.0408316
870 -0.21875 -0.121114
871 -0.21875 -0.121114
872 -0.21875 -0.121114
873 -0.375 -0.0128607
874 -0.375 -0.0128607
875 -0.375 -0.0128607
876 -0.5 -0.03125
877 -0.5 -0.03125
878 -0.5 -0.03125
879 -0.5 1.27676e-15
880 -0.5 1.27676e-15
881 -0.5 1.27676e-15
882 -0.5 -0.15625
883 -0.5 -0.15625
884 -0.5 -0.15625
885 -0.5 -0.125
886 -0.5 -0.125
887 -0.5 -0.125
888 -0.21875 -0.17524
889 -0.21875 -0.17524
890 -0.21875 -0.17524
891 -0.359375 -0.25643
892 -0.359375 -0.25643
893 -0.359375 -0.25643
894 -0.109375 -0.148177
895 -0.109375 -0.148177
896 -0.109375 -0.148177
897 -0.3125 -0.0128607
898 -0.3125 -0.0128607
899 -0.3125 -0.0128607
900 -0.296875 0.0142026
901 -0.296875 0.0142026
902 -0.296875 0.0142026
903 -0.390625 -0.039924
904 -0.390625 -0.039924
905 -0.390625 -0.039924
906 -0.1875 -0.17524
907 -0.1875 -0.17524
908 -0.1875 -0.17524
909 -0.15625 -0.0669873
910 -0.15625 -0.0669873
911 -0.15625 -0.0669873
912 -0.140625 -0.039924
913 -0.140625 -0.039924
914 -0.140625 -0.039924
915 -0.09375 -0.121114
916 -0.09375 -0.121114
917 -0.09375 -0.121114
918 -0.078125 -0.148177
919 -0.078125 -0.148177
920 -0.078125 -0.148177
921 -0.0625 -0.121114
922 -0.0625 -0.121114
923 -0.0625 -0.121114
924 -0.421875 -0.148177
925 -0.421875 -0.148177
926 -0.421875 -0.148177
927 -0.5 -0.0625
928 -0.5 -0.0625
929 -0.5 -0.0625
930 -0.5 -0.25
931 -0.5 -0.25
932 -0.5 -0.25
933 -0.203125 -0.202304
934 -0.203125 -0.202304
935 -0.203125 -0.202304
936 -0.1875 -0.121114
937 -0.1875 -0.121114
938 -0.1875 -0.121114
939 -0.171875 -0.0940506
940 -0.171875 -0.0940506
941 -0.171875 -0.0940506
942 -0.125 -0.0128607
943 -0.125 -0.0128607
944 -0.125 -0.0128607
945 -0.40625 -0.0669873
946 -0.40625 -0.0669873
947 -0.40625 -0.0669873
948 -0.03125 -0.0669873
949 -0.03125 -0.0669873
950 -0.03125 -0.0669873
951 -0.046875 -0.0940506
952 -0.046875 -0.0940506
953 -0.046875 -0.0940506
954 -0.296875 -0.039924
955 -0.296875 -0.039924
956 -0.296875 -0.039924
957 -0.328125 -0.039924
958 -0.328125 -0.039924
959 -0.328125 -0.039924
960 -0.125 -0.229367
961 -0.125 -0.229367
962 -0.125 -0.229367
963 -0.15625 -0.229367
964 -0.15625 -0.229367
965 -0.15625 -0.229367
966 -0.1875 -0.229367
967 -0.1875 -0.229367
968 -0.1875 -0.229367
969 -0.09375 -0.0128607
970 -0.09375 -0.0128607
971 -0.09375 -0.0128607
972 -0.203125 -0.148177
973 -0.203125 -0.148177
974 -0.203125 -0.148177
975 -0.359375 -0.039924
976 -0.359375 -0.039924
977 -0.359375 -0.039924
978 -0.109375 0.0142026
979 -0.109375 0.0142026
980 -0.109375 0.0142026
981 -0.140625 0.0142026
982 -0.140625 0.0142026
983 -0.140625 0.0142026
984 -0.42132 -0.0940005
985 -0.42132 -0.0940005
986 -0.42132 -0.0940005
987 -0.078125 -0.0940506
988 -0.078125 -0.0940506
989 -0.078125 -0.0940506
990 -0.5 -0.1875
991 -0.5 -0.1875
992 -0.5 -0.1875
993 -0.5 -0.21875
994 -0.5 -0.21875
995 -0.5 -0.21875
996 -0.078125 0.0142026
997 -0.078125 0.0142026
998 -0.078125 0.0142026
999 -0.28125 -0.0128607
1000 -0.28125 -0.0128607
1001 -0.28125 -0.0128607
1002 -0.0625 -0.0128607
1003 -0.0625 -0.0128607
1004 -0.0625 -0.0128607
1005 -0.046875 -0.039924
1006 -0.046875 -0.039924
1007 -0.046875 -0.039924
1008 -0.046875 0.0142026
1009 -0.046875 0.0142026
1010 -0.046875 0.0142026
1011 -0.265625 -0.039924
1012 -0.265625 -0.039924
1013 -0.265625 -0.039924
1014 0.472744 -0.0783197
1015 0.472744 -0.0783197
1016 0.472744 -0.0783197
1017 0.471926 -0.048134
1018 0.471926 -0.048134
1019 0.471926 -0.048134
1020 0.441962 -0.0652889
1021 0.441962 -0.0652889
1022 0.441962 -0.0652889
1023 0.471957 -0.139089
1024 0.471957 -0.139089
1025 0.471957 -0.139089
1026 0.472937 -0.109375
1027 0.472937 -0.109375
1028 0.472937 -0.109375
1029 0.441753 -0.122419
1030 0.441753 -0.122419
1031 0.441753 -0.122419
1032 0.442297 -0.282063
1033 0.442297 -0.282063
1034 0.442297 -0.282063
1035 0.473685 -0.295784
1036 0.473685 -0.295784
1037 0.473685 -0.295784
1038 0.472937 -0.265625
1039 0.472937 -0.265625
1040 0.472937 -0.265625
1041 0.44813 -0.0362319
1042 0.44813 -0.0362319
1043 0.44813 -0.0362319
1044 0.447915 -0.151607
1045 0.447915 -0.151607
1046 0.447915 -0.151607
1047 0.450459 -0.247441
1048 0.450459 -0.247441
1049 0.450459 -0.247441
1050 0.43633 -0.174669
1051 0.43633 -0.174669
1052 0.43633 -0.174669
1053 0.447465 -0.199036
1054 0.447465 -0.199036
1055 0.447465 -0.199036
1056 0.468455 -0.173222
1057 0.468455 -0.173222
1058 0.468455 -0.173222
1059 0.468588 -0.0143296
1060 0.468588 -0.0143296
1061 0.468588 -0.0143296
1062 0.447516 0.0109642
1063 0.447516 0.0109642
1064 0.447516 0.0109642
1065 0.436296 -0.0134831
1066 0.436296 -0.0134831
1067 0.436296 -0.0134831
1068 0.450123 -0.0938505
1069 0.450123 -0.0938505
1070 0.450123 -0.0938505
1071 0.475063 -0.205087
1072 0.475063 -0.205087
1073 0.475063 -0.205087
1074 0.475622 -0.235386
1075 0.475622 -0.235386
1076 0.475622 -0.235386
1077 0.456747 -0.220883
1078 0.456747 -0.220883
1079 0.456747 -0.220883
1080 0.109375 -0.310557
1081 0.109375 -0.310557
1082 0.109375 -0.310557
1083 0.078125 -0.310557
1084 0.078125 -0.310557
1085 0.078125 -0.310557
1086 0.09375 -0.283494
1087 0.09375 -0.283494
1088 0.09375 -0.283494
1089 0.140625 -0.310557
1090 0.140625 -0.310557
1091 0.140625 -0.310557
1092 0.078125 -0.25643
1093 0.078125 -0.25643
1094 0.078125 -0.25643
1095 0.09375 -0.17524
1096 0.09375 -0.17524
1097 0.09375 -0.17524
1098 0.109375 -0.148177
1099 0.109375 -0.148177
1100 0.109375 -0.148177
1101 0.078125 -0.148177
1102 0.078125 -0.148177
1103 0.078125 -0.148177
1104 0.359375 -0.202304
1105 0.359375 -0.202304
1106 0.359375 -0.202304
1107 0.390601 -0.20229
1108 0.390601 -0.20229
1109 0.390601 -0.20229
1110 0.375 -0.17524
1111 0.375 -0.17524
1112 0.375 -0.17524
1113 0.15625 -0.17524
1114 0.15625 -0.17524
1115 0.15625 -0.17524
1116 0.125 -0.17524
1117 0.125 -0.17524
1118 0.125 -0.17524
1119 0.140625 -0.202304
1120 0.140625 -0.202304
1121 0.140625 -0.202304
1122 0.09375 -0.229367
1123 0.09375 -0.229367
1124 0.09375 -0.229367
1125 0.109375 -0.202304
1126 0.109375 -0.202304
1127 0.109375 -0.202304
1128 0.15625 -0.0669873
1129 0.15625 -0.0669873
1130 0.15625 -0.0669873
1131 0.171875 -0.039924
1132 0.171875 -0.039924
1133 0.171875 -0.039924
1134 0.140625 -0.039924
1135 0.140625 -0.039924
1136 0.140625 -0.039924
1137 0.15625 -0.0128607
1138 0.15625 -0.0128607
1139 0.15625 -0.0128607
1140 0.15625 -0.283494
1141 0.15625 -0.283494
1142 0.15625 -0.283494
1143 0.125 -0.229367
1144 0.125 -0.229367
1145 0.125 -0.229367
1146 0.109375 -0.25643
1147 0.109375 -0.25643
1148 0.109375 -0.25643
1149 0.390625 -0.039924
1150 0.390625 -0.039924
1151 0.390625 -0.039924
1152 0.421875 -0.039924
1153 0.421875 -0.039924
1154 0.421875 -0.039924
1155 0.40625 -0.0128607
1156 0.40625 -0.0128607
1157 0.40625 -0.0128607
1158 0.125 -0.0128607
1159 0.125 -0.0128607
1160 0.125 -0.0128607
1161 0.374979 -0.229355
1162 0.374979 -0.229355
1163 0.374979 -0.229355
1164 0.140625 -0.148177
1165 0.140625 -0.148177
1166 0.140625 -0.148177
1167 0.3125 -0.121114
1168 0.3125 -0.121114
1169 0.3125 -0.121114
1170 0.328125 -0.148177
1171 0.328125 -0.148177
1172 0.328125 -0.148177
1173 0.34375 -0.121114
1174 0.34375 -0.121114
1175 0.34375 -0.121114
1176 0.09375 0.0412659
1177 0.09375 0.0412659
1178 0.09375 0.0412659
1179 0.109375 0.0142026
1180 0.109375 0.0142026
1181 0.109375 0.0142026
1182 0.296875 0.0142026
1183 0.296875 0.0142026
1184 0.296875 0.0142026
1185 0.328125 -0.039924
1186 0.328125 -0.039924
1187 0.328125 -0.039924
1188 0.3125 -0.0128607
1189 0.3125 -0.0128607
1190 0.3125 -0.0128607
1191 0.296875 -0.039924
1192 0.296875 -0.039924
1193 0.296875 -0.039924
1194 0.1875 -0.0669873
1195 0.1875 -0.0669873
1196 0.1875 -0.0669873
1197 0.328125 -0.202304
1198 0.328125 -0.202304
1199 0.328125 -0.202304
1200 0.28125 -0.0128607
1201 0.28125 -0.0128607
1202 0.28125 -0.0128607
1203 0.109375 -0.0940506
1204 0.109375 -0.0940506
1205 0.109375 -0.0940506
1206 0.140625 -0.0940506
1207 0.140625 -0.0940506
1208 0.140625 -0.0940506
1209 0.125 -0.0669873
1210 0.125 -0.0669873
1211 0.125 -0.0669873
1212 0.0625 -0.0128607
1213 0.0625 -0.0128607
1214 0.0625 -0.0128607
1215 0.09375 -0.0128607
1216 0.09375 -0.0128607
1217 0.09375 -0.0128607
1218 0.078125 0.0142026
1219 0.078125 0.0142026
1220 0.078125 0.0142026
1221 0.09375 -0.121114
1222 0.09375 -0.121114
1223 0.09375 -0.121114
1224 0.125 -0.121114
1225 0.125 -0.121114
1226 0.125 -0.121114
1227 0.203125 -0.25643
1228 0.203125 -0.25643
1229 0.203125 -0.25643
1230 0.328125 0.0142026
1231 0.328125 0.0142026
1232 0.328125 0.0142026
1233 0.34375 -0.0128607
1234 0.34375 -0.0128607
1235 0.34375 -0.0128607
1236 0.421083 -0.148635
1237 0.421083 -0.148635
1238 0.421083 -0.148635
1239 0.40625 -0.121114
1240 0.40625 -0.121114
1241 0.40625 -0.121114
1242 0.28125 -0.121114
1243 0.28125 -0.121114
1244 0.28125 -0.121114
1245 0.296875 -0.0940506
1246 0.296875 -0.0940506
1247 0.296875 -0.0940506
1248 0.265625 -0.0940506
1249 0.265625 -0.0940506
1250 0.265625 -0.0940506
1251 0.125 -0.283494
1252 0.125 -0.283494
1253 0.125 -0.283494
1254 0.140625 -0.25643
1255 0.140625 -0.25643
1256 0.140625 -0.25643
1257 0.40625 -0.0669873
1258 0.40625 -0.0669873
1259 0.40625 -0.0669873
1260 0.078125 -0.039924
1261 0.078125 -0.039924
1262 0.078125 -0.039924
1263 0.5 -0.09375
1264 0.5 -0.09375
1265 0.5 -0.09375
1266 0.265625 -0.202304
1267 0.265625 -0.202304
1268 0.265625 -0.202304
1269 0.28125 -0.17524
1270 0.28125 -0.17524
1271 0.28125 -0.17524
1272 0.25 -0.17524
1273 0.25 -0.17524
1274 0.25 -0.17524
1275 0.046875 -0.039924
1276 0.046875 -0.039924
1277 0.046875 -0.039924
1278 0.390625 -0.148177
1279 0.390625 -0.148177
1280 0.390625 -0.148177
1281 0.390625 -0.25643
1282 0.390625 -0.25643
1283 0.390625 -0.25643
1284 0.5 -0.1875
1285 0.5 -0.1875
1286 0.5 -0.1875
1287 0.5 -0.125
1288 0.5 -0.125
1289 0.5 -0.125
1290 0.296875 -0.202304
1291 0.296875 -0.202304
1292 0.296875 -0.202304
1293 0.3125 -0.17524
1294 0.3125 -0.17524
1295 0.3125 -0.17524
1296 0.0625 -0.0669873
1297 0.0625 -0.0669873
1298 0.0625 -0.0669873
1299 0.265625 -0.148177
1300 0.265625 -0.148177
1301 0.265625 -0.148177
1302 0.328125 -0.0940506
1303 0.328125 -0.0940506
1304 0.328125 -0.0940506
1305 0.046875 -0.0940506
1306 0.046875 -0.0940506
1307 0.046875 -0.0940506
1308 0.03125 -0.0669873
1309 0.03125 -0.0669873
1310 0.03125 -0.0669873
1311 0.015625 -0.0940506
1312 0.015625 -0.0940506
1313 0.015625 -0.0940506
1314 0.28125 -0.0669873
1315 0.28125 -0.0669873
1316 0.28125 -0.0669873
1317 0.265625 -0.25643
1318 0.265625 -0.25643
1319 0.265625 -0.25643
1320 0.25 -0.283494
1321 0.25 -0.283494
1322 0.25 -0.283494
1323 0.234375 -0.25643
1324 0.234375 -0.25643
1325 0.234375 -0.25643
1326 0.5 -0.21875
1327 0.5 -0.21875
1328 0.5 -0.21875
1329 0.5 -0.03125
1330 0.5 -0.03125
1331 0.5 -0.03125
1332 0.5 -0.0625
1333 0.5 -0.0625
1334 0.5 -0.0625
1335 0.25 -0.0669873
1336 0.25 -0.0669873
1337 0.25 -0.0669873
1338 0.21875 -0.0669873
1339 0.21875 -0.0669873
1340 0.21875 -0.0669873
1341 0.234375 -0.0940506
1342 0.234375 -0.0940506
1343 0.234375 -0.0940506
1344 0.359375 -0.148177
1345 0.359375 -0.148177
1346 0.359375 -0.148177
1347 0.25 -0.229367
1348 0.25 -0.229367
1349 0.25 -0.229367
1350 0.203125 -0.148177
1351 0.203125 -0.148177
1352 0.203125 -0.148177
1353 0.21875 -0.121114
1354 0.21875 -0.121114
1355 0.21875 -0.121114
1356 0.1875 -0.121114
1357 0.1875 -0.121114
1358 0.1875 -0.121114
1359 0.234375 -0.039924
1360 0.234375 -0.039924
1361 0.234375 -0.039924
1362 0.203125 -0.0940506
1363 0.203125 -0.0940506
1364 0.203125 -0.0940506
1365 0.21875 -0.17524
1366 0.21875 -0.17524
1367 0.21875 -0.17524
1368 0.203125 -0.202304
1369 0.203125 -0.202304
1370 0.203125 -0.202304
1371 0.234375 -0.202304
1372 0.234375 -0.202304
1373 0.234375 -0.202304
1374 0.21875 -0.229367
1375 0.21875 -0.229367
1376 0.21875 -0.229367
1377 0.421875 -0.0940506
1378 0.421875 -0.0940506
1379 0.421875 -0.0940506
1380 0.5 -0.25
1381 0.5 -0.25
1382 0.5 -0.25
1383 0.5 -0.28125
1384 0.5 -0.28125
1385 0.5 -0.28125
1386 0.0625 0.0412659
1387 0.0625 0.0412659
1388 0.0625 0.0412659
1389 0.3125 -0.0669873
1390 0.3125 -0.0669873
1391 0.3125 -0.0669873
1392 0.34375 -0.0669873
1393 0.34375 -0.0669873
1394 0.34375 -0.0669873
1395 0.359375 -0.0940506
1396 0.359375 -0.0940506
1397 0.359375 -0.0940506
1398 0.375 -0.121114
1399 0.375 -0.121114
1400 0.375 -0.121114
1401 0.390625 -0.0940506
1402 0.390625 -0.0940506
1403 0.390625 -0.0940506
1404 -4.70573e-15 -0.0669873
1405 -4.70573e-15 -0.0669873
1406 -4.70573e-15 -0.0669873
1407 0.25 -0.121114
1408 0.25 -0.121114
1409 0.25 -0.121114
1410 0.296875 -0.148177
1411 0.296875 -0.148177
1412 0.296875 -0.148177
1413 0.1875 -0.17524
1414 0.1875 -0.17524
1415 0.1875 -0.17524
1416 0.0625 -0.121114
1417 0.0625 -0.121114
1418 0.0625 -0.121114
1419 0.171875 -0.148177
1420 0.171875 -0.148177
1421 0.171875 -0.148177
1422 0.421137 -0.256004
1423 0.421137 -0.256004
1424 0.421137 -0.256004
1425 0.171875 -0.0940506
1426 0.171875 -0.0940506
1427 0.171875 -0.0940506
1428 0.5 -0.15625
1429 0.5 -0.15625
1430 0.5 -0.15625
1431 0.265625 -0.039924
1432 0.265625 -0.039924
1433 0.265625 -0.039924
1434 0.375 -0.0128607
1435 0.375 -0.0128607
1436 0.375 -0.0128607
1437 0.34375 -0.17524
1438 0.34375 -0.17524
1439 0.34375 -0.17524
1440 0.234375 -0.148177
1441 0.234375 -0.148177
1442 0.234375 -0.148177
1443 0.375 -0.0669873
1444 0.375 -0.0669873
1445 0.375 -0.0669873
1446 0.1875 -0.229367
1447 0.1875 -0.229367
1448 0.1875 -0.229367
1449 0.03125 -0.121114
1450 0.03125 -0.121114
1451 0.03125 -0.121114
1452 0.203125 -0.039924
1453 0.203125 -0.039924
1454 0.203125 -0.039924
1455 0.40625 -0.17524
1456 0.40625 -0.17524
1457 0.40625 -0.17524
1458 0.015625 -0.039924
1459 0.015625 -0.039924
1460 0.015625 -0.039924
1461 0.03125 -0.0128607
1462 0.03125 -0.0128607
1463 0.03125 -0.0128607
1464 0.09375 -0.0669873
1465 0.09375 -0.0669873
1466 0.09375 -0.0669873
1467 0.171875 -0.25643
1468 0.171875 -0.25643
1469 0.171875 -0.25643
1470 -0.015625 -0.039924
1471 -0.015625 -0.039924
1472 -0.015625 -0.039924
1473 0.015625 0.0142026
1474 0.015625 0.0142026
1475 0.015625 0.0142026
1476 -0.015625 0.0142026
1477 -0.015625 0.0142026
1478 -0.015625 0.0142026
1479 -5.4956e-15 -0.0128607
1480 -5.4956e-15 -0.0128607
1481 -5.4956e-15 -0.0128607
1482 0.171875 -0.202304
1483 0.171875 -0.202304
1484 0.171875 -0.202304
1485 0.359375 -0.039924
1486 0.359375 -0.039924
1487 0.359375 -0.039924
1488 0.15625 -0.229367
1489 0.15625 -0.229367
1490 0.15625 -0.229367
1491 0.078125 -0.0940506
1492 0.078125 -0.0940506
1493 0.078125 -0.0940506
1494 0.109375 -0.039924
1495 0.109375 -0.039924
1496 0.109375 -0.039924
1497 -6.13514e-15 0.0412659
1498 -6.13514e-15 0.0412659
1499 -6.13514e-15 0.0412659
1500 -0.03125 -0.0128607
1501 -0.03125 -0.0128607
1502 -0.03125 -0.0128607
1503 0.046875 0.0142026
1504 0.046875 0.0142026
1505 0.046875 0.0142026
1506 0.03125 0.0412659
1507 0.03125 0.0412659
1508 0.03125 0.0412659
1509 0.15625 -0.121114
1510 0.15625 -0.121114
1511 0.15625 -0.121114
1512 0.433723 -0.226583
1513 0.433723 -0.226583
1514 0.433723 -0.226583
1515 0.406127 -0.229296
1516 0.406127 -0.229296
1517 0.406127 -0.229296
1518 0.28125 -0.229367
1519 0.28125 -0.229367
1520 0.28125 -0.229367
1521 0.420595 -0.201505
1522 0.420595 -0.201505
1523 0.420595 -0.201505
1524 0.442205 -0.443199
1525 0.442205 -0.443199
1526 0.442205 -0.443199
1527 0.473986 -0.453395
1528 0.473986 -0.453395
1529 0.473986 -0.453395
1530 0.471991 -0.424585
1531 0.471991 -0.424585
1532 0.471991 -0.424585
1533 0.447892 -0.413735
1534 0.447892 -0.413735
1535 0.447892 -0.413735
1536 0.472114 -0.357509
1537 0.472114 -0.357509
1538 0.472114 -0.357509
1539 0.473573 -0.327558
1540 0.473573 -0.327558
1541 0.473573 -0.327558
1542 0.442498 -0.339855
1543 0.442498 -0.339855
1544 0.442498 -0.339855
1545 0.448156 -0.36893
1546 0.448156 -0.36893
1547 0.448156 -0.36893
1548 0.45022 -0.311534
1549 0.45022 -0.311534
1550 0.45022 -0.311534
1551 0.5 -0.3125
1552 0.5 -0.3125
1553 0.5 -0.3125
1554 0.452993 -0.473538
1555 0.452993 -0.473538
1556 0.452993 -0.473538
1557 0.436284 -0.391443
1558 0.436284 -0.391443
1559 0.436284 -0.391443
1560 0.468009 -0.391158
1561 0.468009 -0.391158
1562 0.468009 -0.391158
1563 0.375 -0.5
1564 0.375 -0.5
1565 0.375 -0.5
1566 0.359371 -0.472934
1567 0.359371 -0.472934
1568 0.359371 -0.472934
1569 0.34375 -0.5
1570 0.34375 -0.5
1571 0.34375 -0.5
1572 0.328125 -0.41881
1573 0.328125 -0.41881
1574 0.328125 -0.41881
1575 0.296875 -0.41881
1576 0.296875 -0.41881
1577 0.296875 -0.41881
1578 0.3125 -0.445873
1579 0.3125 -0.445873
1580 0.3125 -0.445873
1581 0.422612 -0.472577
1582 0.422612 -0.472577
1583 0.422612 -0.472577
1584 0.390625 -0.472937
1585 0.390625 -0.472937
1586 0.390625 -0.472937
1587 0.406099 -0.445786
1588 0.406099 -0.445786
1589 0.406099 -0.445786
1590 0.374975 -0.445859
1591 0.374975 -0.445859
1592 0.374975 -0.445859
1593 0.078125 -0.41881
1594 0.078125 -0.41881
1595 0.078125 -0.41881
1596 0.0625 -0.445873
1597 0.0625 -0.445873
1598 0.0625 -0.445873
1599 0.09375 -0.445873
1600 0.09375 -0.445873
1601 0.09375 -0.445873
1602 0.109375 -0.41881
1603 0.109375 -0.41881
1604 0.109375 -0.41881
1605 0.09375 -0.391747
1606 0.09375 -0.391747
1607 0.09375 -0.391747
1608 0.125 -0.391747
1609 0.125 -0.391747
1610 0.125 -0.391747
1611 0.078125 -0.472937
1612 0.078125 -0.472937
1613 0.078125 -0.472937
1614 0.1875 -0.33762
1615 0.1875 -0.33762
1616 0.1875 -0.33762
1617 0.15625 -0.33762
1618 0.15625 -0.33762
1619 0.15625 -0.33762
1620 0.171875 -0.364684
1621 0.171875 -0.364684
1622 0.171875 -0.364684
1623 0.28125 -0.445873
1624 0.28125 -0.445873
1625 0.28125 -0.445873
1626 0.265625 -0.472937
1627 0.265625 -0.472937
1628 0.265625 -0.472937
1629 0.296875 -0.472937
1630 0.296875 -0.472937
1631 0.296875 -0.472937
1632 0.109375 -0.364684
1633 0.109375 -0.364684
1634 0.109375 -0.364684
1635 0.140625 -0.364684
1636 0.140625 -0.364684
1637 0.140625 -0.364684
1638 0.125 -0.33762
1639 0.125 -0.33762
1640 0.125 -0.33762
1641 0.25 -0.445873
1642 0.25 -0.445873
1643 0.25 -0.445873
1644 0.21875 -0.445873
1645 0.21875 -0.445873
1646 0.21875 -0.445873
1647 0.234375 -0.472937
1648 0.234375 -0.472937
1649 0.234375 -0.472937
1650 0.15625 -0.445873
1651 0.15625 -0.445873
1652 0.15625 -0.445873
1653 0.140625 -0.472937
1654 0.140625 -0.472937
1655 0.140625 -0.472937
1656 0.171875 -0.472937
1657 0.171875 -0.472937
1658 0.171875 -0.472937
1659 0.09375 -0.33762
1660 0.09375 -0.33762
1661 0.09375 -0.33762
1662 0.343744 -0.44587
1663 0.343744 -0.44587
1664 0.343744 -0.44587
1665 0.328123 -0.472936
1666 0.328123 -0.472936
1667 0.328123 -0.472936
1668 0.1875 -0.445873
1669 0.1875 -0.445873
1670 0.1875 -0.445873
1671 0.203125 -0.472937
1672 0.203125 -0.472937
1673 0.203125 -0.472937
1674 0.171875 -0.310557
1675 0.171875 -0.310557
1676 0.171875 -0.310557
1677 0.125 -0.445873
1678 0.125 -0.445873
1679 0.125 -0.445873
1680 -0.03125 -0.391747
1681 -0.03125 -0.391747
1682 -0.03125 -0.391747
1683 -0.046875 -0.41881
1684 -0.046875 -0.41881
1685 -0.046875 -0.41881
1686 -0.015625 -0.41881
1687 -0.015625 -0.41881
1688 -0.015625 -0.41881
1689 0.09375 -0.5
1690 0.09375 -0.5
1691 0.09375 -0.5
1692 0.109375 -0.472937
1693 0.109375 -0.472937
1694 0.109375 -0.472937
1695 0.203125 -0.310557
1696 0.203125 -0.310557
1697 0.203125 -0.310557
1698 0.1875 -0.283494
1699 0.1875 -0.283494
1700 0.1875 -0.283494
1701 0.234375 -0.41881
1702 0.234375 -0.41881
1703 0.234375 -0.41881
1704 0.21875 -0.391747
1705 0.21875 -0.391747
1706 0.21875 -0.391747
1707 0.203125 -0.41881
1708 0.203125 -0.41881
1709 0.203125 -0.41881
1710 0.343747 -0.229365
1711 0.343747 -0.229365
1712 0.343747 -0.229365
1713 0.359375 -0.25643
1714 0.359375 -0.25643
1715 0.359375 -0.25643
1716 0.296875 -0.364684
1717 0.296875 -0.364684
1718 0.296875 -0.364684
1719 0.3125 -0.33762
1720 0.3125 -0.33762
1721 0.3125 -0.33762
1722 0.28125 -0.33762
1723 0.28125 -0.33762
1724 0.28125 -0.33762
1725 0.296875 -0.25643
1726 0.296875 -0.25643
1727 0.296875 -0.25643
1728 0.328125 -0.25643
1729 0.328125 -0.25643
1730 0.328125 -0.25643
1731 0.3125 -0.229367
1732 0.3125 -0.229367
1733 0.3125 -0.229367
1734 0.359375 -0.364684
1735 0.359375 -0.364684
1736 0.359375 -0.364684
1737 0.34375 -0.33762
1738 0.34375 -0.33762
1739 0.34375 -0.33762
1740 0.328125 -0.364684
1741 0.328125 -0.364684
1742 0.328125 -0.364684
1743 0.25 -0.391747
1744 0.25 -0.391747
1745 0.25 -0.391747
1746 0.3125 -0.5
1747 0.3125 -0.5
1748 0.3125 -0.5
1749 0.21875 -0.283494
1750 0.21875 -0.283494
1751 0.21875 -0.283494
1752 -1.32359e-15 -0.391747
1753 -1.32359e-15 -0.391747
1754 -1.32359e-15 -0.391747
1755 0.234375 -0.310557
1756 0.234375 -0.310557
1757 0.234375 -0.310557
1758 0.421875 -0.364684
1759 0.421875 -0.364684
1760 0.421875 -0.364684
1761 0.40625 -0.391747
1762 0.40625 -0.391747
1763 0.40625 -0.391747
1764 0.390625 -0.364684
1765 0.390625 -0.364684
1766 0.390625 -0.364684
1767 0.375 -0.33762
1768 0.375 -0.33762
1769 0.375 -0.33762
1770 0.359375 -0.310557
1771 0.359375 -0.310557
1772 0.359375 -0.310557
1773 -0.015625 -0.472937
1774 -0.015625 -0.472937
1775 -0.015625 -0.472937
1776 -0.046875 -0.472937
1777 -0.046875 -0.472937
1778 -0.046875 -0.472937
1779 -0.03125 -0.5
1780 -0.03125 -0.5
1781 -0.03125 -0.5
1782 0.046875 -0.472937
1783 0.046875 -0.472937
1784 0.046875 -0.472937
1785 0.40625 -0.33762
1786 0.40625 -0.33762
1787 0.40625 -0.33762
1788 -0.03125 -0.445873
1789 -0.03125 -0.445873
1790 -0.03125 -0.445873
1791 0.421875 -0.310557
1792 0.421875 -0.310557
1793 0.421875 -0.310557
1794 0.40625 -0.283494
1795 0.40625 -0.283494
1796 0.40625 -0.283494
1797 0.265625 -0.364684
1798 0.265625 -0.364684
1799 0.265625 -0.364684
1800 0.234375 -0.364684
1801 0.234375 -0.364684
1802 0.234375 -0.364684
1803 0.34375 -0.283494
1804 0.34375 -0.283494
1805 0.34375 -0.283494
1806 0.3125 -0.283494
1807 0.3125 -0.283494
1808 0.3125 -0.283494
1809 0.328125 -0.310557
1810 0.328125 -0.310557
1811 0.328125 -0.310557
1812 0.296875 -0.310557
1813 0.296875 -0.310557
1814 0.296875 -0.310557
1815 0.0625 -0.5
1816 0.0625 -0.5
1817 0.0625 -0.5
1818 0.1875 -0.5
1819 0.1875 -0.5
1820 0.1875 -0.5
1821 0.420969 -0.418287
1822 0.420969 -0.418287
1823 0.420969 -0.418287
1824 0.1875 -0.391747
1825 0.1875 -0.391747
1826 0.1875 -0.391747
1827 0.390625 -0.41881
1828 0.390625 -0.41881
1829 0.390625 -0.41881
1830 0.015625 -0.364684
1831 0.015625 -0.364684
1832 0.015625 -0.364684
1833 0.03125 -0.33762
1834 0.03125 -0.33762
1835 0.03125 -0.33762
1836 0.5 -0.375
1837 0.5 -0.375
1838 0.5 -0.375
1839 0.5 -0.40625
1840 0.5 -0.40625
1841 0.5 -0.40625
1842 0.28125 -0.283494
1843 0.28125 -0.283494
1844 0.28125 -0.283494
1845 0.15625 -0.391747
1846 0.15625 -0.391747
1847 0.15625 -0.391747
1848 0.03125 -0.445873
1849 0.03125 -0.445873
1850 0.03125 -0.445873
1851 0.046875 -0.41881
1852 0.046875 -0.41881
1853 0.046875 -0.41881
1854 0.015625 -0.41881
1855 0.015625 -0.41881
1856 0.015625 -0.41881
1857 0.046875 -0.364684
1858 0.046875 -0.364684
1859 0.046875 -0.364684
1860 0.46875 -0.5
1861 0.46875 -0.5
1862 0.46875 -0.5
1863 0.4375 -0.5
1864 0.4375 -0.5
1865 0.4375 -0.5
1866 0.375 -0.283494
1867 0.375 -0.283494
1868 0.375 -0.283494
1869 0.390625 -0.310557
1870 0.390625 -0.310557
1871 0.390625 -0.310557
1872 0.25 -0.33762
1873 0.25 -0.33762
1874 0.25 -0.33762
1875 0.265625 -0.310557
1876 0.265625 -0.310557
1877 0.265625 -0.310557
1878 0.03125 -0.5
1879 0.03125 -0.5
1880 0.03125 -0.5
1881 0.015625 -0.472937
1882 0.015625 -0.472937
1883 0.015625 -0.472937
1884 -1.27676e-15 -0.5
1885 -1.27676e-15 -0.5
1886 -1.27676e-15 -0.5
1887 0.03125 -0.391747
1888 0.03125 -0.391747
1889 0.03125 -0.391747
1890 0.0625 -0.391747
1891 0.0625 -0.391747
1892 0.0625 -0.391747
1893 -0.0625 -0.5
1894 -0.0625 -0.5
1895 -0.0625 -0.5
1896 0.40625 -0.5
1897 0.40625 -0.5
1898 0.40625 -0.5
1899 -1.29931e-15 -0.445873
1900 -1.29931e-15 -0.445873
1901 -1.29931e-15 -0.445873
1902 0.25 -0.5
1903 0.25 -0.5
1904 0.25 -0.5
1905 0.28125 -0.5
1906 0.28125 -0.5
1907 0.28125 -0.5
1908 0.34375 -0.391747
1909 0.34375 -0.391747
1910 0.34375 -0.391747
1911 0.28125 -0.391747
1912 0.28125 -0.391747
1913 0.28125 -0.391747
1914 0.3125 -0.391747
1915 0.3125 -0.391747
1916 0.3125 -0.391747
1917 0.203125 -0.364684
1918 0.203125 -0.364684
1919 0.203125 -0.364684
1920 0.21875 -0.33762
1921 0.21875 -0.33762
1922 0.21875 -0.33762
1923 0.140625 -0.41881
1924 0.140625 -0.41881
1925 0.140625 -0.41881
1926 0.5 -0.34375
1927 0.5 -0.34375
1928 0.5 -0.34375
1929 0.078125 -0.364684
1930 0.078125 -0.364684
1931 0.078125 -0.364684
1932 0.0625 -0.33762
1933 0.0625 -0.33762
1934 0.0625 -0.33762
1935 0.375 -0.391747
1936 0.375 -0.391747
1937 0.375 -0.391747
1938 0.359371 -0.418808
1939 0.359371 -0.418808
1940 0.359371 -0.418808
1941 0.171875 -0.41881
1942 0.171875 -0.41881
1943 0.171875 -0.41881
1944 0.265625 -0.41881
1945 0.265625 -0.41881
1946 0.265625 -0.41881
1947 0.15625 -0.5
1948 0.15625 -0.5
1949 0.15625 -0.5
1950 0.21875 -0.5
1951 0.21875 -0.5
1952 0.21875 -0.5
1953 0.5 -0.4375
1954 0.5 -0.4375
1955 0.5 -0.4375
1956 0.125 -0.5
1957 0.125 -0.5
1958 0.125 -0.5
1959 0.5 -0.46875
1960 0.5 -0.46875
1961 0.5 -0.46875
1962 0.5 -0.5
1963 0.5 -0.5
1964 0.5 -0.5
1965 0.477123 -0.477123
1966 0.477123 -0.477123
1967 0.477123 -0.477123
1968 -0.4375 0.149519
1969 -0.4375 0.149519
1970 -0.4375 0.149519
1971 -0.453009 0.175416
1972 -0.453009 0.175416
1973 -0.453009 0.175416
1974 -0.470299 0.144727
1975 -0.470299 0.144727
1976 -0.470299 0.144727
1977 -0.328125 0.447215
1978 -0.328125 0.447215
1979 -0.328125 0.447215
1980 -0.355254 0.474022
1981 -0.355254 0.474022
1982 -0.355254 0.474022
1983 -0.359375 0.447215
1984 -0.359375 0.447215
1985 -0.359375 0.447215
1986 -0.327301 0.478835
1987 -0.327301 0.478835
1988 -0.327301 0.478835
1989 -0.441797 0.0948297
1990 -0.441797 0.0948297
1991 -0.441797 0.0948297
1992 -0.472937 0.109375
1993 -0.472937 0.109375
1994 -0.472937 0.109375
1995 -0.472937 0.078125
1996 -0.472937 0.078125
1997 -0.472937 0.078125
1998 -0.44182 0.312099
1999 -0.44182 0.312099
2000 -0.44182 0.312099
2001 -0.472937 0.328125
2002 -0.472937 0.328125
2003 -0.472937 0.328125
2004 -0.472937 0.296875
2005 -0.472937 0.296875
2006 -0.472937 0.296875
2007 -0.470275 0.261947
2008 -0.470275 0.261947
2009 -0.470275 0.261947
2010 -0.453048 0.23135
2011 -0.453048 0.23135
2012 -0.453048 0.23135
2013 -0.4375 0.257772
2014 -0.4375 0.257772
2015 -0.4375 0.257772
2016 -0.4375 0.366025
2017 -0.4375 0.366025
2018 -0.4375 0.366025
2019 -0.452946 0.391908
2020 -0.452946 0.391908
2021 -0.452946 0.391908
2022 -0.470245 0.362561
2023 -0.470245 0.362561
2024 -0.470245 0.362561
2025 -0.478947 0.172285
2026 -0.478947 0.172285
2027 -0.478947 0.172285
2028 -0.297379 0.441315
2029 -0.297379 0.441315
2030 -0.297379 0.441315
2031 -0.296875 0.472937
2032 -0.296875 0.472937
2033 -0.296875 0.472937
2034 -0.409276 0.445511
2035 -0.409276 0.445511
2036 -0.409276 0.445511
2037 -0.436229 0.449032
2038 -0.436229 0.449032
2039 -0.436229 0.449032
2040 -0.4375 0.420152
2041 -0.4375 0.420152
2042 -0.4375 0.420152
2043 -0.404908 0.417716
2044 -0.404908 0.417716
2045 -0.404908 0.417716
2046 -0.387261 0.469227
2047 -0.387261 0.469227
2048 -0.387261 0.469227
2049 -0.268146 0.447195
2050 -0.268146 0.447195
2051 -0.268146 0.447195
2052 -0.264268 0.475268
2053 -0.264268 0.475268
2054 -0.264268 0.475268
2055 -0.384843 0.441145
2056 -0.384843 0.441145
2057 -0.384843 0.441145
2058 -0.479023 0.234375
2059 -0.479023 0.234375
2060 -0.479023 0.234375
2061 -0.448437 0.0649731
2062 -0.448437 0.0649731
2063 -0.448437 0.0649731
2064 -0.44874 0.341633
2065 -0.44874 0.341633
2066 -0.44874 0.341633
2067 -0.479102 0.390625
2068 -0.479102 0.390625
2069 -0.479102 0.390625
2070 -0.471455 0.419491
2071 -0.471455 0.419491
2072 -0.471455 0.419491
2073 -0.448922 0.282638
2074 -0.448922 0.282638
2075 -0.448922 0.282638
2076 -0.471672 0.203348
2077 -0.471672 0.203348
2078 -0.471672 0.203348
2079 -0.437955 0.203509
2080 -0.437955 0.203509
2081 -0.437955 0.203509
2082 -0.449175 0.124367
2083 -0.449175 0.124367
2084 -0.449175 0.124367
2085 -0.242513 0.449191
2086 -0.242513 0.449191
2087 -0.242513 0.449191
2088 -0.252555 0.419844
2089 -0.252555 0.419844
2090 -0.252555 0.419844
2091 -0.236072 0.392758
2092 -0.236072 0.392758
2093 -0.236072 0.392758
2094 -0.25 0.366007
2095 -0.25 0.366007
2096 -0.25 0.366007
2097 -0.39062 0.014182
2098 -0.39062 0.014182
2099 -0.39062 0.014182
2100 -0.374949 0.0412304
2101 -0.374949 0.0412304
2102 -0.374949 0.0412304
2103 -0.406138 0.0411862
2104 -0.406138 0.0411862
2105 -0.406138 0.0411862
2106 -0.359375 0.0142026
2107 -0.359375 0.0142026
2108 -0.359375 0.0142026
2109 -0.296875 0.393089
2110 -0.296875 0.393089
2111 -0.296875 0.393089
2112 -0.28125 0.366009
2113 -0.28125 0.366009
2114 -0.28125 0.366009
2115 -0.265625 0.392992
2116 -0.265625 0.392992
2117 -0.265625 0.392992
2118 -0.390625 0.338962
2119 -0.390625 0.338962
2120 -0.390625 0.338962
2121 -0.406032 0.311903
2122 -0.406032 0.311903
2123 -0.406032 0.311903
2124 -0.375 0.311899
2125 -0.375 0.311899
2126 -0.375 0.311899
2127 -0.234375 0.338962
2128 -0.234375 0.338962
2129 -0.234375 0.338962
2130 -0.265625 0.338962
2131 -0.265625 0.338962
2132 -0.265625 0.338962
2133 -0.421244 0.284471
2134 -0.421244 0.284471
2135 -0.421244 0.284471
2136 -0.421288 0.122795
2137 -0.421288 0.122795
2138 -0.421288 0.122795
2139 -0.405982 0.0953496
2140 -0.405982 0.0953496
2141 -0.405982 0.0953496
2142 -0.328125 0.0683292
2143 -0.328125 0.0683292
2144 -0.328125 0.0683292
2145 -0.34375 0.0412659
2146 -0.34375 0.0412659
2147 -0.34375 0.0412659
2148 -0.3125 0.0412659
2149 -0.3125 0.0412659
2150 -0.3125 0.0412659
2151 -0.390484 0.284776
2152 -0.390484 0.284776
2153 -0.390484 0.284776
2154 -0.359348 0.0683131
2155 -0.359348 0.0683131
2156 -0.359348 0.0683131
2157 -0.375 0.0953925
2158 -0.375 0.0953925
2159 -0.375 0.0953925
2160 -0.390463 0.0682326
2161 -0.390463 0.0682326
2162 -0.390463 0.0682326
2163 -0.40625 0.149519
2164 -0.40625 0.149519
2165 -0.40625 0.149519
2166 -0.390482 0.122505
2167 -0.390482 0.122505
2168 -0.390482 0.122505
2169 -0.375 0.149519
2170 -0.375 0.149519
2171 -0.375 0.149519
2172 -0.359375 0.122456
2173 -0.359375 0.122456
2174 -0.359375 0.122456
2175 -0.34375 0.420069
2176 -0.34375 0.420069
2177 -0.34375 0.420069
2178 -0.359155 0.392863
2179 -0.359155 0.392863
2180 -0.359155 0.392863
2181 -0.328125 0.393089
2182 -0.328125 0.393089
2183 -0.328125 0.393089
2184 -0.296875 0.338962
2185 -0.296875 0.338962
2186 -0.296875 0.338962
2187 -0.28125 0.311899
2188 -0.28125 0.311899
2189 -0.28125 0.311899
2190 -0.34375 0.311899
2191 -0.34375 0.311899
2192 -0.34375 0.311899
2193 -0.359375 0.284836
2194 -0.359375 0.284836
2195 -0.359375 0.284836
2196 -0.328125 0.284836
2197 -0.328125 0.284836
2198 -0.328125 0.284836
2199 -0.5 0.09375
2200 -0.5 0.09375
2201 -0.5 0.09375
2202 -0.5 0.125
2203 -0.5 0.125
2204 -0.5 0.125
2205 -0.296875 0.284836
2206 -0.296875 0.284836
2207 -0.296875 0.284836
2208 -0.3125 0.257772
2209 -0.3125 0.257772
2210 -0.3125 0.257772
2211 -0.3125 0.311899
2212 -0.3125 0.311899
2213 -0.3125 0.311899
2214 -0.328125 0.338962
2215 -0.328125 0.338962
2216 -0.328125 0.338962
2217 -0.359375 0.338962
2218 -0.359375 0.338962
2219 -0.359375 0.338962
2220 -0.3125 0.419655
2221 -0.3125 0.419655
2222 -0.3125 0.419655
2223 -0.34375 0.257772
2224 -0.34375 0.257772
2225 -0.34375 0.257772
2226 -0.328125 0.122456
2227 -0.328125 0.122456
2228 -0.328125 0.122456
2229 -0.3125 0.149519
2230 -0.3125 0.149519
2231 -0.3125 0.149519
2232 -0.34375 0.149519
2233 -0.34375 0.149519
2234 -0.34375 0.149519
2235 -0.40625 0.257772
2236 -0.40625 0.257772
2237 -0.40625 0.257772
2238 -0.421875 0.230709
2239 -0.421875 0.230709
2240 -0.421875 0.230709
2241 -0.5 0.28125
2242 -0.5 0.28125
2243 -0.5 0.28125
2244 -0.5 0.3125
2245 -0.5 0.3125
2246 -0.5 0.3125
2247 -0.375 0.257772
2248 -0.375 0.257772
2249 -0.375 0.257772
2250 -0.234375 0.0683292
2251 -0.234375 0.0683292
2252 -0.234375 0.0683292
2253 -0.3125 0.366025
2254 -0.3125 0.366025
2255 -0.3125 0.366025
2256 -0.46875 0.5
2257 -0.46875 0.5
2258 -0.46875 0.5
2259 -0.453316 0.469677
2260 -0.453316 0.469677
2261 -0.453316 0.469677
2262 -0.4375 0.5
2263 -0.4375 0.5
2264 -0.4375 0.5
2265 -0.328125 0.230709
2266 -0.328125 0.230709
2267 -0.328125 0.230709
2268 -0.296875 0.230709
2269 -0.296875 0.230709
2270 -0.296875 0.230709
2271 -0.421197 0.339354
2272 -0.421197 0.339354
2273 -0.421197 0.339354
2274 -0.5 0.34375
2275 -0.5 0.34375
2276 -0.5 0.34375
2277 -0.25 0.257772
2278 -0.25 0.257772
2279 -0.25 0.257772
2280 -0.265625 0.284836
2281 -0.265625 0.284836
2282 -0.265625 0.284836
2283 -0.28125 0.257772
2284 -0.28125 0.257772
2285 -0.28125 0.257772
2286 -0.28125 0.203646
2287 -0.28125 0.203646
2288 -0.28125 0.203646
2289 -0.265625 0.176582
2290 -0.265625 0.176582
2291 -0.265625 0.176582
2292 -0.5 0.25
2293 -0.5 0.25
2294 -0.5 0.25
2295 -0.234375 0.284836
2296 -0.234375 0.284836
2297 -0.234375 0.284836
2298 -0.21875 0.311899
2299 -0.21875 0.311899
2300 -0.21875 0.311899
2301 -0.359375 0.230709
2302 -0.359375 0.230709
2303 -0.359375 0.230709
2304 -0.421014 0.0678295
2305 -0.421014 0.0678295
2306 -0.421014 0.0678295
2307 -0.359375 0.176582
2308 -0.359375 0.176582
2309 -0.359375 0.176582
2310 -0.421875 0.472937
2311 -0.421875 0.472937
2312 -0.421875 0.472937
2313 -0.40625 0.5
2314 -0.40625 0.5
2315 -0.40625 0.5
2316 -0.234375 0.122456
2317 -0.234375 0.122456
2318 -0.234375 0.122456
2319 -0.25 0.0953925
2320 -0.25 0.0953925
2321 -0.25 0.0953925
2322 -0.28125 0.0953925
2323 -0.28125 0.0953925
2324 -0.28125 0.0953925
2325 -0.265625 0.0683292
2326 -0.265625 0.0683292
2327 -0.265625 0.0683292
2328 -0.25 0.311899
2329 -0.25 0.311899
2330 -0.25 0.311899
2331 -0.375 0.366025
2332 -0.375 0.366025
2333 -0.375 0.366025
2334 -0.34375 0.0953925
2335 -0.34375 0.0953925
2336 -0.34375 0.0953925
2337 -0.40625 0.366025
2338 -0.40625 0.366025
2339 -0.40625 0.366025
2340 -0.28125 0.419572
2341 -0.28125 0.419572
2342 -0.28125 0.419572
2343 -0.3125 0.5
2344 -0.3125 0.5
2345 -0.3125 0.5
2346 -0.28125 0.5
2347 -0.28125 0.5
2348 -0.28125 0.5
2349 -0.234375 0.176582
2350 -0.234375 0.176582
2351 -0.234375 0.176582
2352 -0.25 0.0412659
2353 -0.25 0.0412659
2354 -0.25 0.0412659
2355 -0.421875 0.392591
2356 -0.421875 0.392591
2357 -0.421875 0.392591
2358 -0.21875 0.149519
2359 -0.21875 0.149519
2360 -0.21875 0.149519
2361 -0.3125 0.0953925
2362 -0.3125 0.0953925
2363 -0.3125 0.0953925
2364 -0.375 0.203646
2365 -0.375 0.203646
2366 -0.375 0.203646
2367 -0.34375 0.203646
2368 -0.34375 0.203646
2369 -0.34375 0.203646
2370 -0.5 0.15625
2371 -0.5 0.15625
2372 -0.5 0.15625
2373 -0.265625 0.230709
2374 -0.265625 0.230709
2375 -0.265625 0.230709
2376 -0.296875 0.0683292
2377 -0.296875 0.0683292
2378 -0.296875 0.0683292
2379 -0.5 0.375
2380 -0.5 0.375
2381 -0.5 0.375
2382 -0.421875 0.176582
2383 -0.421875 0.176582
2384 -0.421875 0.176582
2385 -0.34375 0.366025
2386 -0.34375 0.366025
2387 -0.34375 0.366025
2388 -0.390625 0.176582
2389 -0.390625 0.176582
2390 -0.390625 0.176582
2391 -0.390625 0.230709
2392 -0.390625 0.230709
2393 -0.390625 0.230709
2394 -0.296875 0.122456
2395 -0.296875 0.122456
2396 -0.296875 0.122456
2397 -0.25 0.5
2398 -0.25 0.5
2399 -0.25 0.5
2400 -0.375 0.5
2401 -0.375 0.5
2402 -0.375 0.5
2403 -0.28125 0.0412659
2404 -0.28125 0.0412659
2405 -0.28125 0.0412659
2406 -0.5 0.1875
2407 -0.5 0.1875
2408 -0.5 0.1875
2409 -0.5 0.21875
2410 -0.5 0.21875
2411 -0.5 0.21875
2412 -0.5 0.40625
2413 -0.5 0.40625
2414 -0.5 0.40625
2415 -0.5 0.4375
2416 -0.5 0.4375
2417 -0.5 0.4375
2418 -0.25 0.149519
2419 -0.25 0.149519
2420 -0.25 0.149519
2421 -0.265625 0.122456
2422 -0.265625 0.122456
2423 -0.265625 0.122456
2424 -0.3125 0.203646
2425 -0.3125 0.203646
2426 -0.3125 0.203646
2427 -0.373679 0.418878
2428 -0.373679 0.418878
2429 -0.373679 0.418878
2430 -0.328125 0.176582
2431 -0.328125 0.176582
2432 -0.328125 0.176582
2433 -0.40625 0.203646
2434 -0.40625 0.203646
2435 -0.40625 0.203646
2436 -0.296875 0.176582
2437 -0.296875 0.176582
2438 -0.296875 0.176582
2439 -0.28125 0.149519
2440 -0.28125 0.149519
2441 -0.28125 0.149519
2442 -0.390368 0.392259
2443 -0.390368 0.392259
2444 -0.390368 0.392259
2445 -0.475679 0.451619
2446 -0.475679 0.451619
2447 -0.475679 0.451619
2448 -0.45617 0.438472
2449 -0.45617 0.438472
2450 -0.45617 0.438472
2451 -0.5 0.46875
2452 -0.5 0.46875
2453 -0.5 0.46875
2454 -0.5 0.5
2455 -0.5 0.5
2456 -0.5 0.5
2457 -0.477123 0.477123
2458 -0.477123 0.477123
2459 -0.477123 0.477123
2460 -0.34375 0.5
2461 -0.34375 0.5
2462 -0.34375 0.5
2463 -0.109375 0.447215
2464 -0.109375 0.447215
2465 -0.109375 0.447215
2466 -0.136504 0.474022
2467 -0.136504 0.474022
2468 -0.136504 0.474022
2469 -0.140625 0.447215
2470 -0.140625 0.447215
2471 -0.140625 0.447215
2472 -0.10861 0.478686
2473 -0.10861 0.478686
2474 -0.10861 0.478686
2475 -0.0791192 0.442537
2476 -0.0791192 0.442537
2477 -0.0791192 0.442537
2478 -0.0784223 0.472194
2479 -0.0784223 0.472194
2480 -0.0784223 0.472194
2481 -0.0591779 0.423341
2482 -0.0591779 0.423341
2483 -0.0591779 0.423341
2484 -0.0302449 0.414724
2485 -0.0302449 0.414724
2486 -0.0302449 0.414724
2487 -0.0300078 0.444419
2488 -0.0300078 0.444419
2489 -0.0300078 0.444419
2490 0.0660458 0.423757
2491 0.0660458 0.423757
2492 0.0660458 0.423757
2493 0.0956137 0.444051
2494 0.0956137 0.444051
2495 0.0956137 0.444051
2496 -0.168511 0.469227
2497 -0.168511 0.469227
2498 -0.168511 0.469227
2499 -1.23235e-14 0.420152
2500 -1.23235e-14 0.420152
2501 -1.23235e-14 0.420152
2502 -0.000686249 0.450113
2503 -0.000686249 0.450113
2504 -0.000686249 0.450113
2505 0.046875 0.447215
2506 0.046875 0.447215
2507 0.046875 0.447215
2508 0.0502312 0.474264
2509 0.0502312 0.474264
2510 0.0502312 0.474264
2511 0.0189471 0.469748
2512 0.0189471 0.469748
2513 0.0189471 0.469748
2514 -0.0567101 0.450761
2515 -0.0567101 0.450761
2516 -0.0567101 0.450761
2517 0.021355 0.442055
2518 0.021355 0.442055
2519 0.021355 0.442055
2520 0.0697001 0.451034
2521 0.0697001 0.451034
2522 0.0697001 0.451034
2523 -0.165451 0.441113
2524 -0.165451 0.441113
2525 -0.165451 0.441113
2526 -0.225878 0.418728
2527 -0.225878 0.418728
2528 -0.225878 0.418728
2529 -0.215746 0.446765
2530 -0.215746 0.446765
2531 -0.215746 0.446765
2532 -0.09375 0.0953925
2533 -0.09375 0.0953925
2534 -0.09375 0.0953925
2535 -0.125 0.0953925
2536 -0.125 0.0953925
2537 -0.125 0.0953925
2538 -0.109375 0.0683292
2539 -0.109375 0.0683292
2540 -0.109375 0.0683292
2541 -0.15625 0.0412659
2542 -0.15625 0.0412659
2543 -0.15625 0.0412659
2544 -0.171875 0.0683292
2545 -0.171875 0.0683292
2546 -0.171875 0.0683292
2547 -0.140625 0.0683292
2548 -0.140625 0.0683292
2549 -0.140625 0.0683292
2550 -0.15625 0.0953925
2551 -0.15625 0.0953925
2552 -0.15625 0.0953925
2553 -0.21875 0.366025
2554 -0.21875 0.366025
2555 -0.21875 0.366025
2556 -0.109375 0.122456
2557 -0.109375 0.122456
2558 -0.109375 0.122456
2559 -0.203125 0.395931
2560 -0.203125 0.395931
2561 -0.203125 0.395931
2562 -0.0155591 0.392596
2563 -0.0155591 0.392596
2564 -0.0155591 0.392596
2565 0.015625 0.393089
2566 0.015625 0.393089
2567 0.015625 0.393089
2568 -0.078125 0.122456
2569 -0.078125 0.122456
2570 -0.078125 0.122456
2571 -0.09375 0.149519
2572 -0.09375 0.149519
2573 -0.09375 0.149519
2574 -0.140625 0.393089
2575 -0.140625 0.393089
2576 -0.140625 0.393089
2577 -0.170603 0.392828
2578 -0.170603 0.392828
2579 -0.170603 0.392828
2580 -0.15625 0.366025
2581 -0.15625 0.366025
2582 -0.15625 0.366025
2583 -0.078125 0.393089
2584 -0.078125 0.393089
2585 -0.078125 0.393089
2586 -0.0624341 0.366029
2587 -0.0624341 0.366029
2588 -0.0624341 0.366029
2589 -0.0464795 0.393113
2590 -0.0464795 0.393113
2591 -0.0464795 0.393113
2592 -0.15625 0.149519
2593 -0.15625 0.149519
2594 -0.15625 0.149519
2595 -0.140625 0.122456
2596 -0.140625 0.122456
2597 -0.140625 0.122456
2598 -0.125 0.149519
2599 -0.125 0.149519
2600 -0.125 0.149519
2601 -0.03125 0.366025
2602 -0.03125 0.366025
2603 -0.03125 0.366025
2604 -0.171875 0.122456
2605 -0.171875 0.122456
2606 -0.171875 0.122456
2607 -0.1875 0.0953925
2608 -0.1875 0.0953925
2609 -0.1875 0.0953925
2610 0.0794457 0.474196
2611 0.0794457 0.474196
2612 0.0794457 0.474196
2613 -0.045653 0.47363
2614 -0.045653 0.47363
2615 -0.045653 0.47363
2616 -0.0625 0.5
2617 -0.0625 0.5
2618 -0.0625 0.5
2619 -8.25034e-15 0.149519
2620 -8.25034e-15 0.149519
2621 -8.25034e-15 0.149519
2622 -0.015625 0.122456
2623 -0.015625 0.122456
2624 -0.015625 0.122456
2625 -0.015625 0.284836
2626 -0.015625 0.284836
2627 -0.015625 0.284836
2628 -0.03125 0.257772
2629 -0.03125 0.257772
2630 -0.03125 0.257772
2631 -0.125 0.420152
2632 -0.125 0.420152
2633 -0.125 0.420152
2634 -0.09375 0.419655
2635 -0.09375 0.419655
2636 -0.09375 0.419655
2637 -0.09375 0.366025
2638 -0.09375 0.366025
2639 -0.09375 0.366025
2640 -0.0625 0.257772
2641 -0.0625 0.257772
2642 -0.0625 0.257772
2643 -0.046875 0.284836
2644 -0.046875 0.284836
2645 -0.046875 0.284836
2646 -0.078125 0.284836
2647 -0.078125 0.284836
2648 -0.078125 0.284836
2649 -7.24659e-15 0.0953925
2650 -7.24659e-15 0.0953925
2651 -7.24659e-15 0.0953925
2652 -0.203125 0.0683292
2653 -0.203125 0.0683292
2654 -0.203125 0.0683292
2655 -0.078125 0.338962
2656 -0.078125 0.338962
2657 -0.078125 0.338962
2658 -0.109375 0.230709
2659 -0.109375 0.230709
2660 -0.109375 0.230709
2661 -0.140625 0.230709
2662 -0.140625 0.230709
2663 -0.140625 0.230709
2664 -0.125 0.203646
2665 -0.125 0.203646
2666 -0.125 0.203646
2667 -0.0625 0.311899
2668 -0.0625 0.311899
2669 -0.0625 0.311899
2670 -0.03125 0.311899
2671 -0.03125 0.311899
2672 -0.03125 0.311899
2673 -0.09375 0.311899
2674 -0.09375 0.311899
2675 -0.09375 0.311899
2676 -0.109375 0.284836
2677 -0.109375 0.284836
2678 -0.109375 0.284836
2679 -0.140625 0.284836
2680 -0.140625 0.284836
2681 -0.140625 0.284836
2682 -0.15625 0.257772
2683 -0.15625 0.257772
2684 -0.15625 0.257772
2685 -0.125 0.257772
2686 -0.125 0.257772
2687 -0.125 0.257772
2688 -0.0625 0.203646
2689 -0.0625 0.203646
2690 -0.0625 0.203646
2691 -0.09375 0.203646
2692 -0.09375 0.203646
2693 -0.09375 0.203646
2694 -0.078125 0.176582
2695 -0.078125 0.176582
2696 -0.078125 0.176582
2697 -0.109375 0.393089
2698 -0.109375 0.393089
2699 -0.109375 0.393089
2700 0.046875 0.393089
2701 0.046875 0.393089
2702 0.046875 0.393089
2703 0.0325216 0.419418
2704 0.0325216 0.419418
2705 0.0325216 0.419418
2706 -0.015625 0.230709
2707 -0.015625 0.230709
2708 -0.015625 0.230709
2709 -0.171875 0.176582
2710 -0.171875 0.176582
2711 -0.171875 0.176582
2712 -0.1875 0.149519
2713 -0.1875 0.149519
2714 -0.1875 0.149519
2715 -8.96639e-15 0.203646
2716 -8.96639e-15 0.203646
2717 -8.96639e-15 0.203646
2718 -0.046875 0.176582
2719 -0.046875 0.176582
2720 -0.046875 0.176582
2721 -0.0625 0.149519
2722 -0.0625 0.149519
2723 -0.0625 0.149519
2724 -0.03125 0.149519
2725 -0.03125 0.149519
2726 -0.03125 0.149519
2727 -0.25 0.203646
2728 -0.25 0.203646
2729 -0.25 0.203646
2730 -0.203125 0.230709
2731 -0.203125 0.230709
2732 -0.203125 0.230709
2733 -0.21875 0.257772
2734 -0.21875 0.257772
2735 -0.21875 0.257772
2736 -0.234375 0.230709
2737 -0.234375 0.230709
2738 -0.234375 0.230709
2739 -0.109375 0.176582
2740 -0.109375 0.176582
2741 -0.109375 0.176582
2742 -0.203125 0.176582
2743 -0.203125 0.176582
2744 -0.203125 0.176582
2745 -0.1875 0.203646
2746 -0.1875 0.203646
2747 -0.1875 0.203646
2748 -0.21875 0.203646
2749 -0.21875 0.203646
2750 -0.21875 0.203646
2751 -0.21875 0.0953925
2752 -0.21875 0.0953925
2753 -0.21875 0.0953925
2754 -0.125 0.366025
2755 -0.125 0.366025
2756 -0.125 0.366025
2757 -0.140625 0.338962
2758 -0.140625 0.338962
2759 -0.140625 0.338962
2760 -0.109375 0.338962
2761 -0.109375 0.338962
2762 -0.109375 0.338962
2763 1.27676e-15 0.5
2764 1.27676e-15 0.5
2765 1.27676e-15 0.5
2766 0.03125 0.5
2767 0.03125 0.5
2768 0.03125 0.5
2769 -0.203125 0.122456
2770 -0.203125 0.122456
2771 -0.203125 0.122456
2772 -0.203125 0.284836
2773 -0.203125 0.284836
2774 -0.203125 0.284836
2775 -0.1875 0.311899
2776 -0.1875 0.311899
2777 -0.1875 0.311899
2778 -0.03125 0.5
2779 -0.03125 0.5
2780 -0.03125 0.5
2781 -0.015625 0.473434
2782 -0.015625 0.473434
2783 -0.015625 0.473434
2784 -0.203125 0.338962
2785 -0.203125 0.338962
2786 -0.203125 0.338962
2787 -0.046875 0.230709
2788 -0.046875 0.230709
2789 -0.046875 0.230709
2790 -0.078125 0.230709
2791 -0.078125 0.230709
2792 -0.078125 0.230709
2793 -0.09375 0.5
2794 -0.09375 0.5
2795 -0.09375 0.5
2796 0.015625 0.176582
2797 0.015625 0.176582
2798 0.015625 0.176582
2799 -0.015625 0.176582
2800 -0.015625 0.176582
2801 -0.015625 0.176582
2802 -0.09375 0.257772
2803 -0.09375 0.257772
2804 -0.09375 0.257772
2805 -0.125 0.0412659
2806 -0.125 0.0412659
2807 -0.125 0.0412659
2808 -0.1875 0.366025
2809 -0.1875 0.366025
2810 -0.1875 0.366025
2811 -0.233054 0.474196
2812 -0.233054 0.474196
2813 -0.233054 0.474196
2814 -0.202344 0.472528
2815 -0.202344 0.472528
2816 -0.202344 0.472528
2817 0.046875 0.0683292
2818 0.046875 0.0683292
2819 0.046875 0.0683292
2820 -0.03125 0.203646
2821 -0.03125 0.203646
2822 -0.03125 0.203646
2823 -0.140625 0.176582
2824 -0.140625 0.176582
2825 -0.140625 0.176582
2826 -0.046875 0.338962
2827 -0.046875 0.338962
2828 -0.046875 0.338962
2829 -0.078125 0.0683292
2830 -0.078125 0.0683292
2831 -0.078125 0.0683292
2832 -0.0625 0.0412659
2833 -0.0625 0.0412659
2834 -0.0625 0.0412659
2835 -0.046875 0.0683292
2836 -0.046875 0.0683292
2837 -0.046875 0.0683292
2838 -0.21875 0.5
2839 -0.21875 0.5
2840 -0.21875 0.5
2841 -0.015625 0.0683292
2842 -0.015625 0.0683292
2843 -0.015625 0.0683292
2844 -0.03125 0.0412659
2845 -0.03125 0.0412659
2846 -0.03125 0.0412659
2847 -0.09375 0.0412659
2848 -0.09375 0.0412659
2849 -0.09375 0.0412659
2850 0.0625 0.5
2851 0.0625 0.5
2852 0.0625 0.5
2853 -0.1875 0.5
2854 -0.1875 0.5
2855 -0.1875 0.5
2856 -0.15625 0.5
2857 -0.15625 0.5
2858 -0.15625 0.5
2859 0.015625 0.0683292
2860 0.015625 0.0683292
2861 0.015625 0.0683292
2862 -0.046875 0.122456
2863 -0.046875 0.122456
2864 -0.046875 0.122456
2865 -0.15625 0.420152
2866 -0.15625 0.420152
2867 -0.15625 0.420152
2868 -0.15625 0.203646
2869 -0.15625 0.203646
2870 -0.15625 0.203646
2871 -0.125 0.311899
2872 -0.125 0.311899
2873 -0.125 0.311899
2874 -0.171875 0.338962
2875 -0.171875 0.338962
2876 -0.171875 0.338962
2877 -0.15625 0.311899
2878 -0.15625 0.311899
2879 -0.15625 0.311899
2880 -0.1875 0.257772
2881 -0.1875 0.257772
2882 -0.1875 0.257772
2883 -0.171875 0.284836
2884 -0.171875 0.284836
2885 -0.171875 0.284836
2886 -0.03125 0.0953925
2887 -0.03125 0.0953925
2888 -0.03125 0.0953925
2889 -0.0625 0.0953925
2890 -0.0625 0.0953925
2891 -0.0625 0.0953925
2892 -0.171875 0.230709
2893 -0.171875 0.230709
2894 -0.171875 0.230709
2895 -0.188925 0.444783
2896 -0.188925 0.444783
2897 -0.188925 0.444783
2898 -0.18015 0.41686
2899 -0.18015 0.41686
2900 -0.18015 0.41686
2901 -0.125 0.5
2902 -0.125 0.5
2903 -0.125 0.5
2904 -0.202809 0.423795
2905 -0.202809 0.423795
2906 -0.202809 0.423795
2907 0.441975 0.368666
2908 0.441975 0.368666
2909 0.441975 0.368666
2910 0.473911 0.356776
2911 0.473911 0.356776
2912 0.473911 0.356776
2913 0.47196 0.387687
2914 0.47196 0.387687
2915 0.47196 0.387687
2916 0.447619 0.396268
2917 0.447619 0.396268
2918 0.447619 0.396268
2919 0.328125 0.447215
2920 0.328125 0.447215
2921 0.328125 0.447215
2922 0.299975 0.474791
2923 0.299975 0.474791
2924 0.299975 0.474791
2925 0.291667 0.446671
2926 0.291667 0.446671
2927 0.291667 0.446671
2928 0.328125 0.479214
2929 0.328125 0.479214
2930 0.328125 0.479214
2931 0.0948569 0.414875
2932 0.0948569 0.414875
2933 0.0948569 0.414875
2934 0.203125 0.472937
2935 0.203125 0.472937
2936 0.203125 0.472937
2937 0.172793 0.478254
2938 0.172793 0.478254
2939 0.172793 0.478254
2940 0.173141 0.448656
2941 0.173141 0.448656
2942 0.173141 0.448656
2943 0.203434 0.441561
2944 0.203434 0.441561
2945 0.203434 0.441561
2946 0.265625 0.472937
2947 0.265625 0.472937
2948 0.265625 0.472937
2949 0.234375 0.478618
2950 0.234375 0.478618
2951 0.234375 0.478618
2952 0.234375 0.447215
2953 0.234375 0.447215
2954 0.234375 0.447215
2955 0.264583 0.44121
2956 0.264583 0.44121
2957 0.264583 0.44121
2958 0.390612 0.447872
2959 0.390612 0.447872
2960 0.390612 0.447872
2961 0.420817 0.440684
2962 0.420817 0.440684
2963 0.420817 0.440684
2964 0.421538 0.471626
2965 0.421538 0.471626
2966 0.421538 0.471626
2967 0.390555 0.478487
2968 0.390555 0.478487
2969 0.390555 0.478487
2970 0.359375 0.472937
2971 0.359375 0.472937
2972 0.359375 0.472937
2973 0.359372 0.44145
2974 0.359372 0.44145
2975 0.359372 0.44145
2976 0.124703 0.420873
2977 0.124703 0.420873
2978 0.124703 0.420873
2979 0.124489 0.450093
2980 0.124489 0.450093
2981 0.124489 0.450093
2982 0.143947 0.469677
2983 0.143947 0.469677
2984 0.143947 0.469677
2985 0.146978 0.442429
2986 0.146978 0.442429
2987 0.146978 0.442429
2988 0.445995 0.446834
2989 0.445995 0.446834
2990 0.445995 0.446834
2991 0.453678 0.474241
2992 0.453678 0.474241
2993 0.453678 0.474241
2994 0.4375 0.420152
2995 0.4375 0.420152
2996 0.4375 0.420152
2997 0.468463 0.420794
2998 0.468463 0.420794
2999 0.468463 0.420794
3000 0.451616 0.337426
3001 0.451616 0.337426
3002 0.451616 0.337426
3003 0.187738 0.41953
3004 0.187738 0.41953
3005 0.187738 0.41953
3006 0.203146 0.393027
3007 0.203146 0.393027
3008 0.203146 0.393027
3009 0.21879 0.419468
3010 0.21879 0.419468
3011 0.21879 0.419468
3012 0.234375 0.393089
3013 0.234375 0.393089
3014 0.234375 0.393089
3015 0.203125 0.338962
3016 0.203125 0.338962
3017 0.203125 0.338962
3018 0.187501 0.311898
3019 0.187501 0.311898
3020 0.187501 0.311898
3021 0.21875 0.311899
3022 0.21875 0.311899
3023 0.21875 0.311899
3024 0.296875 0.338962
3025 0.296875 0.338962
3026 0.296875 0.338962
3027 0.3125 0.311899
3028 0.3125 0.311899
3029 0.3125 0.311899
3030 0.328125 0.338962
3031 0.328125 0.338962
3032 0.328125 0.338962
3033 0.265625 0.393089
3034 0.265625 0.393089
3035 0.265625 0.393089
3036 0.28125 0.419572
3037 0.28125 0.419572
3038 0.28125 0.419572
3039 0.25 0.419655
3040 0.25 0.419655
3041 0.25 0.419655
3042 0.1875 0.149519
3043 0.1875 0.149519
3044 0.1875 0.149519
3045 0.218753 0.366015
3046 0.218753 0.366015
3047 0.218753 0.366015
3048 0.187545 0.365987
3049 0.187545 0.365987
3050 0.187545 0.365987
3051 0.296875 0.393089
3052 0.296875 0.393089
3053 0.296875 0.393089
3054 0.109375 0.392591
3055 0.109375 0.392591
3056 0.109375 0.392591
3057 0.0785471 0.393104
3058 0.0785471 0.393104
3059 0.0785471 0.393104
3060 0.09375 0.366025
3061 0.09375 0.366025
3062 0.09375 0.366025
3063 0.171881 0.338957
3064 0.171881 0.338957
3065 0.171881 0.338957
3066 0.375 0.419655
3067 0.375 0.419655
3068 0.375 0.419655
3069 0.34375 0.419572
3070 0.34375 0.419572
3071 0.34375 0.419572
3072 0.359375 0.393089
3073 0.359375 0.393089
3074 0.359375 0.393089
3075 0.390625 0.338962
3076 0.390625 0.338962
3077 0.390625 0.338962
3078 0.406097 0.366098
3079 0.406097 0.366098
3080 0.406097 0.366098
3081 0.375 0.366025
3082 0.375 0.366025
3083 0.375 0.366025
3084 0.34375 0.311899
3085 0.34375 0.311899
3086 0.34375 0.311899
3087 0.203125 0.230709
3088 0.203125 0.230709
3089 0.203125 0.230709
3090 0.1875 0.257772
3091 0.1875 0.257772
3092 0.1875 0.257772
3093 0.171875 0.230709
3094 0.171875 0.230709
3095 0.171875 0.230709
3096 0.21875 0.257772
3097 0.21875 0.257772
3098 0.21875 0.257772
3099 0.234375 0.230709
3100 0.234375 0.230709
3101 0.234375 0.230709
3102 0.171875 0.176582
3103 0.171875 0.176582
3104 0.171875 0.176582
3105 0.203125 0.176582
3106 0.203125 0.176582
3107 0.203125 0.176582
3108 0.1875 0.203646
3109 0.1875 0.203646
3110 0.1875 0.203646
3111 0.21875 0.203646
3112 0.21875 0.203646
3113 0.21875 0.203646
3114 0.09375 0.149519
3115 0.09375 0.149519
3116 0.09375 0.149519
3117 0.109375 0.176582
3118 0.109375 0.176582
3119 0.109375 0.176582
3120 0.078125 0.176582
3121 0.078125 0.176582
3122 0.078125 0.176582
3123 0.140625 0.393006
3124 0.140625 0.393006
3125 0.140625 0.393006
3126 0.156284 0.365992
3127 0.156284 0.365992
3128 0.156284 0.365992
3129 0.172079 0.39297
3130 0.172079 0.39297
3131 0.172079 0.39297
3132 0.109375 0.122456
3133 0.109375 0.122456
3134 0.109375 0.122456
3135 0.125 0.149519
3136 0.125 0.149519
3137 0.125 0.149519
3138 0.234375 0.284836
3139 0.234375 0.284836
3140 0.234375 0.284836
3141 0.03125 0.366025
3142 0.03125 0.366025
3143 0.03125 0.366025
3144 -1.16259e-14 0.366025
3145 -1.16259e-14 0.366025
3146 -1.16259e-14 0.366025
3147 0.015625 0.338962
3148 0.015625 0.338962
3149 0.015625 0.338962
3150 0.265625 0.284836
3151 0.265625 0.284836
3152 0.265625 0.284836
3153 0.28125 0.311899
3154 0.28125 0.311899
3155 0.28125 0.311899
3156 0.25 0.311899
3157 0.25 0.311899
3158 0.25 0.311899
3159 0.109928 0.473054
3160 0.109928 0.473054
3161 0.109928 0.473054
3162 0.09375 0.5
3163 0.09375 0.5
3164 0.09375 0.5
3165 0.125 0.5
3166 0.125 0.5
3167 0.125 0.5
3168 0.203125 0.284836
3169 0.203125 0.284836
3170 0.203125 0.284836
3171 0.390625 0.393089
3172 0.390625 0.393089
3173 0.390625 0.393089
3174 0.109375 0.338962
3175 0.109375 0.338962
3176 0.109375 0.338962
3177 0.09375 0.311899
3178 0.09375 0.311899
3179 0.09375 0.311899
3180 0.125 0.311899
3181 0.125 0.311899
3182 0.125 0.311899
3183 -1.06234e-14 0.311899
3184 -1.06234e-14 0.311899
3185 -1.06234e-14 0.311899
3186 0.015625 0.284836
3187 0.015625 0.284836
3188 0.015625 0.284836
3189 0.078125 0.338962
3190 0.078125 0.338962
3191 0.078125 0.338962
3192 0.125 0.366025
3193 0.125 0.366025
3194 0.125 0.366025
3195 0.109375 0.284836
3196 0.109375 0.284836
3197 0.109375 0.284836
3198 0.078125 0.284836
3199 0.078125 0.284836
3200 0.078125 0.284836
3201 0.09375 0.257772
3202 0.09375 0.257772
3203 0.09375 0.257772
3204 -9.86347e-15 0.257772
3205 -9.86347e-15 0.257772
3206 -9.86347e-15 0.257772
3207 0.265625 0.338962
3208 0.265625 0.338962
3209 0.265625 0.338962
3210 0.421875 0.338962
3211 0.421875 0.338962
3212 0.421875 0.338962
3213 0.157472 0.419524
3214 0.157472 0.419524
3215 0.157472 0.419524
3216 0.015625 0.230709
3217 0.015625 0.230709
3218 0.015625 0.230709
3219 0.03125 0.257772
3220 0.03125 0.257772
3221 0.03125 0.257772
3222 0.328125 0.393089
3223 0.328125 0.393089
3224 0.328125 0.393089
3225 0.3125 0.420152
3226 0.3125 0.420152
3227 0.3125 0.420152
3228 0.5 0.46875
3229 0.5 0.46875
3230 0.5 0.46875
3231 0.473976 0.453509
3232 0.473976 0.453509
3233 0.473976 0.453509
3234 0.5 0.4375
3235 0.5 0.4375
3236 0.5 0.4375
3237 0.0625 0.366025
3238 0.0625 0.366025
3239 0.0625 0.366025
3240 0.234375 0.338962
3241 0.234375 0.338962
3242 0.234375 0.338962
3243 0.25 0.366025
3244 0.25 0.366025
3245 0.25 0.366025
3246 0.046875 0.338962
3247 0.046875 0.338962
3248 0.046875 0.338962
3249 0.25 0.5
3250 0.25 0.5
3251 0.25 0.5
3252 0.28125 0.5
3253 0.28125 0.5
3254 0.28125 0.5
3255 0.03125 0.311899
3256 0.03125 0.311899
3257 0.03125 0.311899
3258 0.0625 0.311899
3259 0.0625 0.311899
3260 0.0625 0.311899
3261 0.3125 0.366025
3262 0.3125 0.366025
3263 0.3125 0.366025
3264 0.359375 0.338962
3265 0.359375 0.338962
3266 0.359375 0.338962
3267 0.5 0.40625
3268 0.5 0.40625
3269 0.5 0.40625
3270 -0.015625 0.338962
3271 -0.015625 0.338962
3272 -0.015625 0.338962
3273 0.28125 0.366025
3274 0.28125 0.366025
3275 0.28125 0.366025
3276 0.03125 0.203646
3277 0.03125 0.203646
3278 0.03125 0.203646
3279 0.0625 0.203646
3280 0.0625 0.203646
3281 0.0625 0.203646
3282 0.078125 0.230709
3283 0.078125 0.230709
3284 0.078125 0.230709
3285 0.046875 0.230709
3286 0.046875 0.230709
3287 0.046875 0.230709
3288 0.0625 0.257772
3289 0.0625 0.257772
3290 0.0625 0.257772
3291 0.140625 0.338962
3292 0.140625 0.338962
3293 0.140625 0.338962
3294 0.34375 0.366025
3295 0.34375 0.366025
3296 0.34375 0.366025
3297 0.420957 0.393522
3298 0.420957 0.393522
3299 0.420957 0.393522
3300 0.40625 0.419572
3301 0.40625 0.419572
3302 0.40625 0.419572
3303 0.5 0.3125
3304 0.5 0.3125
3305 0.5 0.3125
3306 0.046875 0.284836
3307 0.046875 0.284836
3308 0.046875 0.284836
3309 0.140625 0.284836
3310 0.140625 0.284836
3311 0.140625 0.284836
3312 0.15625 0.5
3313 0.15625 0.5
3314 0.15625 0.5
3315 0.15625 0.203646
3316 0.15625 0.203646
3317 0.15625 0.203646
3318 0.140625 0.176582
3319 0.140625 0.176582
3320 0.140625 0.176582
3321 0.15625 0.149519
3322 0.15625 0.149519
3323 0.15625 0.149519
3324 0.34375 0.5
3325 0.34375 0.5
3326 0.34375 0.5
3327 0.375 0.5
3328 0.375 0.5
3329 0.375 0.5
3330 0.078125 0.122456
3331 0.078125 0.122456
3332 0.078125 0.122456
3333 0.046875 0.176582
3334 0.046875 0.176582
3335 0.046875 0.176582
3336 0.09375 0.203646
3337 0.09375 0.203646
3338 0.09375 0.203646
3339 0.03125 0.149519
3340 0.03125 0.149519
3341 0.03125 0.149519
3342 0.0625 0.149519
3343 0.0625 0.149519
3344 0.0625 0.149519
3345 0.15625 0.311899
3346 0.15625 0.311899
3347 0.15625 0.311899
3348 0.5 0.375
3349 0.5 0.375
3350 0.5 0.375
3351 0.125 0.257772
3352 0.125 0.257772
3353 0.125 0.257772
3354 0.15625 0.257772
3355 0.15625 0.257772
3356 0.15625 0.257772
3357 0.140625 0.230709
3358 0.140625 0.230709
3359 0.140625 0.230709
3360 0.1875 0.5
3361 0.1875 0.5
3362 0.1875 0.5
3363 0.21875 0.5
3364 0.21875 0.5
3365 0.21875 0.5
3366 0.40625 0.5
3367 0.40625 0.5
3368 0.40625 0.5
3369 0.4375 0.5
3370 0.4375 0.5
3371 0.4375 0.5
3372 0.109375 0.230709
3373 0.109375 0.230709
3374 0.109375 0.230709
3375 0.171875 0.284835
3376 0.171875 0.284835
3377 0.171875 0.284835
3378 0.125 0.203646
3379 0.125 0.203646
3380 0.125 0.203646
3381 0.5 0.34375
3382 0.5 0.34375
3383 0.5 0.34375
3384 0.46875 0.5
3385 0.46875 0.5
3386 0.46875 0.5
3387 0.477914 0.328125
3388 0.477914 0.328125
3389 0.477914 0.328125
3390 0.5 0.5
3391 0.5 0.5
3392 0.5 0.5
3393 0.477123 0.477123
3394 0.477123 0.477123
3395 0.477123 0.477123
3396 0.3125 0.5
3397 0.3125 0.5
3398 0.3125 0.5
3399 0.471856 0.237147
3400 0.471856 0.237147
3401 0.471856 0.237147
3402 0.473236 0.267282
3403 0.473236 0.267282
3404 0.473236 0.267282
3405 0.441571 0.255119
3406 0.441571 0.255119
3407 0.441571 0.255119
3408 0.442046 0.151987
3409 0.442046 0.151987
3410 0.442046 0.151987
3411 0.473597 0.139757
3412 0.473597 0.139757
3413 0.473597 0.139757
3414 0.47208 0.169784
3415 0.47208 0.169784
3416 0.47208 0.169784
3417 0.447625 0.226387
3418 0.447625 0.226387
3419 0.447625 0.226387
3420 0.447769 0.180726
3421 0.447769 0.180726
3422 0.447769 0.180726
3423 0.472389 0.0783392
3424 0.472389 0.0783392
3425 0.472389 0.0783392
3426 0.474163 0.107337
3427 0.474163 0.107337
3428 0.474163 0.107337
3429 0.44267 0.0940108
3430 0.44267 0.0940108
3431 0.44267 0.0940108
3432 0.450445 0.0596242
3433 0.450445 0.0596242
3434 0.450445 0.0596242
3435 0.451073 0.122754
3436 0.451073 0.122754
3437 0.451073 0.122754
3438 0.5 0.125
3439 0.5 0.125
3440 0.5 0.125
3441 0.468157 0.203434
3442 0.468157 0.203434
3443 0.468157 0.203434
3444 0.435293 0.203594
3445 0.435293 0.203594
3446 0.435293 0.203594
3447 0.475106 0.0174524
3448 0.475106 0.0174524
3449 0.475106 0.0174524
3450 0.451351 0.288506
3451 0.451351 0.288506
3452 0.451351 0.288506
3453 0.28125 0.0412659
3454 0.28125 0.0412659
3455 0.28125 0.0412659
3456 0.296875 0.0683292
3457 0.296875 0.0683292
3458 0.296875 0.0683292
3459 0.265625 0.0683292
3460 0.265625 0.0683292
3461 0.265625 0.0683292
3462 0.171875 0.0142026
3463 0.171875 0.0142026
3464 0.171875 0.0142026
3465 0.140625 0.0142026
3466 0.140625 0.0142026
3467 0.140625 0.0142026
3468 0.140625 0.122456
3469 0.140625 0.122456
3470 0.140625 0.122456
3471 0.125 0.0953925
3472 0.125 0.0953925
3473 0.125 0.0953925
3474 0.15625 0.0953925
3475 0.15625 0.0953925
3476 0.15625 0.0953925
3477 0.171875 0.122456
3478 0.171875 0.122456
3479 0.171875 0.122456
3480 0.1875 0.0953925
3481 0.1875 0.0953925
3482 0.1875 0.0953925
3483 0.203125 0.122456
3484 0.203125 0.122456
3485 0.203125 0.122456
3486 0.21875 0.149519
3487 0.21875 0.149519
3488 0.21875 0.149519
3489 0.28125 0.0953925
3490 0.28125 0.0953925
3491 0.28125 0.0953925
3492 0.125 0.0412659
3493 0.125 0.0412659
3494 0.125 0.0412659
3495 0.328125 0.176582
3496 0.328125 0.176582
3497 0.328125 0.176582
3498 0.3125 0.149519
3499 0.3125 0.149519
3500 0.3125 0.149519
3501 0.34375 0.149519
3502 0.34375 0.149519
3503 0.34375 0.149519
3504 0.265625 0.0142026
3505 0.265625 0.0142026
3506 0.265625 0.0142026
3507 0.28125 0.149519
3508 0.28125 0.149519
3509 0.28125 0.149519
3510 0.296875 0.176582
3511 0.296875 0.176582
3512 0.296875 0.176582
3513 0.1875 -0.0128607
3514 0.1875 -0.0128607
3515 0.1875 -0.0128607
3516 0.375 0.311899
3517 0.375 0.311899
3518 0.375 0.311899
3519 0.359375 0.284836
3520 0.359375 0.284836
3521 0.359375 0.284836
3522 0.25 0.0412659
3523 0.25 0.0412659
3524 0.25 0.0412659
3525 0.25 0.257772
3526 0.25 0.257772
3527 0.25 0.257772
3528 0.40625 0.257772
3529 0.40625 0.257772
3530 0.40625 0.257772
3531 0.421567 0.284055
3532 0.421567 0.284055
3533 0.421567 0.284055
3534 0.390625 0.284836
3535 0.390625 0.284836
3536 0.390625 0.284836
3537 0.359375 0.122456
3538 0.359375 0.122456
3539 0.359375 0.122456
3540 0.328125 0.122456
3541 0.328125 0.122456
3542 0.328125 0.122456
3543 0.34375 0.0953925
3544 0.34375 0.0953925
3545 0.34375 0.0953925
3546 0.140625 0.0683292
3547 0.140625 0.0683292
3548 0.140625 0.0683292
3549 0.109375 0.0683292
3550 0.109375 0.0683292
3551 0.109375 0.0683292
3552 0.390625 0.0683292
3553 0.390625 0.0683292
3554 0.390625 0.0683292
3555 0.405975 0.0411069
3556 0.405975 0.0411069
3557 0.405975 0.0411069
3558 0.421158 0.0679151
3559 0.421158 0.0679151
3560 0.421158 0.0679151
3561 0.40625 0.149519
3562 0.40625 0.149519
3563 0.40625 0.149519
3564 0.421004 0.177085
3565 0.421004 0.177085
3566 0.421004 0.177085
3567 0.3125 0.0953925
3568 0.3125 0.0953925
3569 0.3125 0.0953925
3570 0.296875 0.122456
3571 0.296875 0.122456
3572 0.296875 0.122456
3573 0.34375 0.203646
3574 0.34375 0.203646
3575 0.34375 0.203646
3576 0.3125 0.203646
3577 0.3125 0.203646
3578 0.3125 0.203646
3579 0.234375 0.176582
3580 0.234375 0.176582
3581 0.234375 0.176582
3582 0.25 0.203646
3583 0.25 0.203646
3584 0.25 0.203646
3585 0.359375 0.0142026
3586 0.359375 0.0142026
3587 0.359375 0.0142026
3588 0.234375 0.0142026
3589 0.234375 0.0142026
3590 0.234375 0.0142026
3591 0.21875 0.0412659
3592 0.21875 0.0412659
3593 0.21875 0.0412659
3594 0.359375 0.176582
3595 0.359375 0.176582
3596 0.359375 0.176582
3597 0.421875 0.122456
3598 0.421875 0.122456
3599 0.421875 0.122456
3600 0.475594 0.0477727
3601 0.475594 0.0477727
3602 0.475594 0.0477727
3603 0.5 0.0625
3604 0.5 0.0625
3605 0.5 0.0625
3606 0.015625 0.122456
3607 0.015625 0.122456
3608 0.015625 0.122456
3609 0.40625 0.311899
3610 0.40625 0.311899
3611 0.40625 0.311899
3612 0.328125 0.230709
3613 0.328125 0.230709
3614 0.328125 0.230709
3615 0.296875 0.284836
3616 0.296875 0.284836
3617 0.296875 0.284836
3618 0.3125 0.0412659
3619 0.3125 0.0412659
3620 0.3125 0.0412659
3621 0.375 0.0412659
3622 0.375 0.0412659
3623 0.375 0.0412659
3624 0.34375 0.0412659
3625 0.34375 0.0412659
3626 0.34375 0.0412659
3627 0.234375 0.0683292
3628 0.234375 0.0683292
3629 0.234375 0.0683292
3630 0.203125 0.0142026
3631 0.203125 0.0142026
3632 0.203125 0.0142026
3633 0.265625 0.176582
3634 0.265625 0.176582
3635 0.265625 0.176582
3636 0.40625 0.0953925
3637 0.40625 0.0953925
3638 0.40625 0.0953925
3639 0.25 -0.0128607
3640 0.25 -0.0128607
3641 0.25 -0.0128607
3642 0.25 0.149519
3643 0.25 0.149519
3644 0.25 0.149519
3645 0.265625 0.230709
3646 0.265625 0.230709
3647 0.265625 0.230709
3648 0.296875 0.230709
3649 0.296875 0.230709
3650 0.296875 0.230709
3651 0.28125 0.203646
3652 0.28125 0.203646
3653 0.28125 0.203646
3654 0.21875 -0.0128607
3655 0.21875 -0.0128607
3656 0.21875 -0.0128607
3657 0.390625 0.0142026
3658 0.390625 0.0142026
3659 0.390625 0.0142026
3660 0.5 -1.27676e-15
3661 0.5 -1.27676e-15
3662 0.5 -1.27676e-15
3663 0.09375 0.0953925
3664 0.09375 0.0953925
3665 0.09375 0.0953925
3666 0.078125 0.0683292
3667 0.078125 0.0683292
3668 0.078125 0.0683292
3669 0.25 0.0953925
3670 0.25 0.0953925
3671 0.25 0.0953925
3672 0.265625 0.122456
3673 0.265625 0.122456
3674 0.265625 0.122456
3675 0.28125 0.257772
3676 0.28125 0.257772
3677 0.28125 0.257772
3678 0.42094 0.0136628
3679 0.42094 0.0136628
3680 0.42094 0.0136628
3681 0.5 0.03125
3682 0.5 0.03125
3683 0.5 0.03125
3684 0.390625 0.176582
3685 0.390625 0.176582
3686 0.390625 0.176582
3687 0.375 0.149519
3688 0.375 0.149519
3689 0.375 0.149519
3690 0.5 0.09375
3691 0.5 0.09375
3692 0.5 0.09375
3693 0.5 0.25
3694 0.5 0.25
3695 0.5 0.25
3696 0.476652 0.297525
3697 0.476652 0.297525
3698 0.476652 0.297525
3699 0.5 0.28125
3700 0.5 0.28125
3701 0.5 0.28125
3702 0.234375 0.122456
3703 0.234375 0.122456
3704 0.234375 0.122456
3705 0.375 0.0953925
3706 0.375 0.0953925
3707 0.375 0.0953925
3708 0.21875 0.0953925
3709 0.21875 0.0953925
3710 0.21875 0.0953925
3711 0.203125 0.0683292
3712 0.203125 0.0683292
3713 0.203125 0.0683292
3714 0.435364 0.312052
3715 0.435364 0.312052
3716 0.435364 0.312052
3717 0.375 0.257772
3718 0.375 0.257772
3719 0.375 0.257772
3720 0.15625 0.0412659
3721 0.15625 0.0412659
3722 0.15625 0.0412659
3723 0.0625 0.0953925
3724 0.0625 0.0953925
3725 0.0625 0.0953925
3726 0.046875 0.122456
3727 0.046875 0.122456
3728 0.046875 0.122456
3729 0.1875 0.0412659
3730 0.1875 0.0412659
3731 0.1875 0.0412659
3732 0.390625 0.122456
3733 0.390625 0.122456
3734 0.390625 0.122456
3735 0.390625 0.230709
3736 0.390625 0.230709
3737 0.390625 0.230709
3738 0.420981 0.230193
3739 0.420981 0.230193
3740 0.420981 0.230193
3741 0.5 0.21875
3742 0.5 0.21875
3743 0.5 0.21875
3744 0.171875 0.0683292
3745 0.171875 0.0683292
3746 0.171875 0.0683292
3747 0.03125 0.0953925
3748 0.03125 0.0953925
3749 0.03125 0.0953925
3750 0.3125 0.257772
3751 0.3125 0.257772
3752 0.3125 0.257772
3753 0.5 0.1875
3754 0.5 0.1875
3755 0.5 0.1875
3756 0.5 0.15625
3757 0.5 0.15625
3758 0.5 0.15625
3759 0.328125 0.0683292
3760 0.328125 0.0683292
3761 0.328125 0.0683292
3762 0.359375 0.0683292
3763 0.359375 0.0683292
3764 0.359375 0.0683292
3765 0.328125 0.284836
3766 0.328125 0.284836
3767 0.328125 0.284836
3768 0.375 0.203646
3769 0.375 0.203646
3770 0.375 0.203646
3771 0.405956 0.203643
3772 0.405956 0.203643
3773 0.405956 0.203643
3774 0.34375 0.257772
3775 0.34375 0.257772
3776 0.34375 0.257772
3777 0.359375 0.230709
3778 0.359375 0.230709
3779 0.359375 0.230709
3780 0.43361 0.0384573
3781 0.43361 0.0384573
3782 0.43361 0.0384573
3783 0.456843 0.0330889
3784 0.456843 0.0330889
3785 0.456843 0.0330889
3786 0.458905 0.313377
3787 0.458905 0.313377
3788 0.458905 0.313377
